Time Flux Fluxerr
1325.327962235 0.999271258 0.000316519
1325.348796116 1.000486543 0.000316339
1325.369629996 0.999946026 0.000316425
1325.390463875 1.000002594 0.000316409
1325.411297753 0.999826205 0.000316436
1325.432131629 1.000059139 0.000316404
1325.452965505 0.998826746 0.000316598
1325.473799379 0.999603942 0.000316515
1325.494633252 0.999499674 0.00031655
1325.515467125 0.999664894 0.000316499
1325.536300996 0.999500924 0.000316509
1325.557134866 0.998851289 0.000316617
1325.577968736 0.99991858 0.000316447
1325.598802604 1.000472679 0.00031637
1325.619636472 1.000475171 0.000316388
1325.640470339 1.00103778 0.000316319
1325.661304205 0.9992412 0.000316603
1325.68213807 0.999789365 0.000316536
1325.702971934 1.000298273 0.00031644
1325.723805797 0.999644026 0.000316502
1325.74463966 1.000100673 0.000316429
1325.765473522 1.000132263 0.000316396
1325.78629556833 NA NA
1325.80712890167 NA NA
1325.827962235 NA NA
1325.84879556833 NA NA
1325.86962890167 NA NA
1325.890462235 NA NA
1325.91129556833 NA NA
1325.932144394 0.999491859 0.000316507
1325.95297825 0.999319412 0.000316557
1325.973812105 1.000191307 0.000316498
1325.99464596 0.99950511 0.000316593
1326.015479814 1.000081543 0.000316487
1326.036313668 0.999843644 0.000316533
1326.057147522 0.999919406 0.000316515
1326.077981374 0.998862287 0.000316684
1326.098815226 0.999913269 0.000316516
1326.119649078 0.999843993 0.000316509
1326.140482929 0.999428477 0.000316586
1326.161316779 1.000789196 0.000316343
1326.182150629 1.000438178 0.000316417
1326.202984478 0.999785558 0.000316516
1326.223818327 1.000154143 0.000316462
1326.244652175 1.000237933 0.000316433
1326.265486023 0.9993926 0.000316564
1326.286319871 0.999358112 0.000316554
1326.307153717 0.999999555 0.00031643
1326.327987564 0.999710491 0.00031652
1326.34882141 0.999871505 0.000316494
1326.369655255 0.9998666 0.00031654
1326.3904891 0.999659585 0.000316581
1326.411322945 0.999406245 0.000316606
1326.432156789 1.000055197 0.000316511
1326.452990632 0.999999228 0.000316522
1326.473824476 0.999924388 0.000316524
1326.494658318 1.000116096 0.000316501
1326.51549216 1.000752064 0.000316414
1326.536326002 0.99981154 0.000316574
1326.557159843 1.000117912 0.000316515
1326.577993684 0.99983912 0.000316556
1326.598827525 0.999840586 0.000316573
1326.619661365 0.999853953 0.000316562
1326.640495204 0.999556862 0.000316595
1326.661329043 0.99978056 0.000316558
1326.682162882 0.999809714 0.000316603
1326.70299672 0.999831183 0.000316582
1326.723830558 0.999370393 0.000316669
1326.744664395 0.999521551 0.000316607
1326.765498232 0.999672509 0.000316582
1326.786332069 1.000180128 0.000316515
1326.807165905 1.000249797 0.000316494
1326.827999741 1.000226633 0.00031651
1326.84879556833 NA NA
1326.86962890167 NA NA
1326.890501245 0.998420757 0.000316807
1326.911335079 0.998207484 0.000316839
1326.932168913 0.999513734 0.000316611
1326.953002746 0.999902481 0.000316534
1326.973836578 1.000186175 0.00031651
1326.99467041 0.999948649 0.000316549
1327.015504242 0.99957714 0.000316598
1327.036338074 0.999570217 0.000316598
1327.057171905 0.99987884 0.000316555
1327.078005735 0.999514711 0.000316609
1327.098839565 1.000290654 0.000316486
1327.119673396 0.999726304 0.000316611
1327.140507225 0.999723182 0.000316616
1327.161341054 0.999483442 0.000316706
1327.182174882 1.000211181 0.000316523
1327.202962235 NA NA
1327.223842538 1.000101119 0.000316508
1327.24462890167 NA NA
1327.265462235 NA NA
1327.28629556833 NA NA
1327.30712890167 NA NA
1327.327962235 NA NA
1327.34879556833 NA NA
1327.36962890167 NA NA
1327.390462235 NA NA
1327.41129556833 NA NA
1327.432180792 1.000185465 0.000316469
1327.452962235 NA NA
1327.47379556833 NA NA
1327.49462890167 NA NA
1327.515462235 NA NA
1327.53629556833 NA NA
1327.557183726 0.999616054 0.000316606
1327.577962235 NA NA
1327.59879556833 NA NA
1327.61962890167 NA NA
1327.640462235 NA NA
1327.66129556833 NA NA
1327.68212890167 NA NA
1327.702962235 NA NA
1327.72379556833 NA NA
1327.74462890167 NA NA
1327.765462235 NA NA
1327.78629556833 NA NA
1327.80712890167 NA NA
1327.827962235 NA NA
1327.84879556833 NA NA
1327.86962890167 NA NA
1327.890462235 NA NA
1327.91129556833 NA NA
1327.93212890167 NA NA
1327.952962235 NA NA
1327.97379556833 NA NA
1327.99462890167 NA NA
1328.015462235 NA NA
1328.03629556833 NA NA
1328.05712890167 NA NA
1328.077962235 NA NA
1328.09879556833 NA NA
1328.11962890167 NA NA
1328.140462235 NA NA
1328.16129556833 NA NA
1328.18212890167 NA NA
1328.202962235 NA NA
1328.22379556833 NA NA
1328.24462890167 NA NA
1328.265462235 NA NA
1328.286367206 1.000259516 0.000316563
1328.30712890167 NA NA
1328.328034819 1.0002658 0.000316546
1328.34879556833 NA NA
1328.369702429 0.99959862 0.000316653
1328.390462235 NA NA
1328.41129556833 NA NA
1328.432203842 1.000046778 0.000316573
1328.453037645 1.000109167 0.000316567
1328.47379556833 NA NA
1328.494705251 0.999581131 0.000316698
1328.515462235 NA NA
1328.53629556833 NA NA
1328.557206656 0.999882351 0.000316628
1328.578040457 0.999714695 0.000316666
1328.598874257 0.999569844 0.000316681
1328.619708057 0.999363451 0.000316721
1328.640462235 NA NA
1328.66129556833 NA NA
1328.68212890167 NA NA
1328.703043253 1.000221622 0.000316567
1328.72379556833 NA NA
1328.74462890167 NA NA
1328.765462235 NA NA
1328.78629556833 NA NA
1328.80712890167 NA NA
1328.827962235 NA NA
1328.84879556833 NA NA
1328.86962890167 NA NA
1328.890462235 NA NA
1328.91129556833 NA NA
1328.93212890167 NA NA
1328.953049204 1.000388246 0.000316592
1328.973883032 0.99921751 0.000316778
1328.99462890167 NA NA
1329.015550687 0.998183589 0.000316942
1329.036384514 0.998715008 0.000316844
1329.057218341 0.999721447 0.000316682
1329.078052167 0.999901367 0.000316645
1329.098885992 1.000280061 0.000316589
1329.119719818 0.999985681 0.000316621
1329.140553643 0.99926627 0.000316761
1329.161387467 0.999672357 0.000316722
1329.182221291 1.000058958 0.000316645
1329.203055115 1.000052208 0.000316679
1329.223888938 1.000618744 0.000316542
1329.24462890167 NA NA
1329.265462235 NA NA
1329.286390405 1.000209423 0.000316636
1329.30712890167 NA NA
1329.328058047 0.999155641 0.00031682
1329.348891867 0.99956929 0.000316743
1329.36962890167 NA NA
1329.390559507 0.999538162 0.000316782
1329.41129556833 NA NA
1329.432227146 1.000189115 0.000316655
1329.453060964 0.999404914 0.000316769
1329.473894782 0.999688675 0.000316773
1329.4947286 0.999506021 0.000316757
1329.515562417 0.999758635 0.000316712
1329.536396233 1.000154574 0.000316663
1329.55723005 1.000439829 0.000316616
1329.578063865 1.000107222 0.000316663
1329.598897681 0.999911254 0.000316674
1329.619731496 0.99938028 0.000316741
1329.64056531 0.999413331 0.000316749
1329.661399125 1.000003106 0.000316654
1329.682232938 0.999941552 0.00031668
1329.702962235 NA NA
1329.723900564 0.999741481 0.000316713
1329.744734377 1.000041712 0.000316668
1329.765568189 0.999566515 0.00031673
1329.786402001 1.000272302 0.000316618
1329.807235812 0.999919466 0.000316674
1329.828069622 1.000040733 0.000316655
1329.848903433 0.999766465 0.000316717
1329.869737242 0.999959508 0.000316697
1329.890571052 0.999520389 0.000316769
1329.911404861 0.999527713 0.000316779
1329.932238669 1.000469091 0.000316616
1329.953072477 0.999171082 0.000316838
1329.973906285 1.000019445 0.000316673
1329.994740092 0.999803202 0.000316742
1330.015573899 1.000130357 0.000316722
1330.036407706 1.000595203 0.000316627
1330.057241511 0.999526195 0.000316822
1330.078075317 0.999425722 0.000316804
1330.098909122 0.999351915 0.000316859
1330.119742927 1.000586246 0.000316645
1330.140576731 1.000053513 0.000316715
1330.161410535 0.999138046 0.000316856
1330.182244338 1.000022395 0.000316726
1330.203078141 0.999557069 0.000316755
1330.22379556833 NA NA
1330.24462890167 NA NA
1330.265462235 NA NA
1330.28629556833 NA NA
1330.30712890167 NA NA
1330.327962235 NA NA
1330.34879556833 NA NA
1330.36962890167 NA NA
1330.390462235 NA NA
1330.41129556833 NA NA
1330.432249944 0.999584165 0.000316748
1330.453083741 0.999923968 0.000316697
1330.473917539 1.000409958 0.000316619
1330.494751335 0.999862596 0.00031668
1330.515585132 0.999787681 0.000316684
1330.536418928 0.999604212 0.000316721
1330.557252724 0.999912487 0.000316659
1330.578086518 1.000123949 0.000316636
1330.598920313 0.99958646 0.000316723
1330.619754107 0.999644058 0.000316726
1330.640587901 1.000337839 0.000316638
1330.661421694 0.999890622 0.000316706
1330.682255488 1.000198624 0.000316648
1330.70308928 0.999356431 0.000316782
1330.723923072 1.000219428 0.000316626
1330.744756863 1.00022759 0.000316613
1330.765590655 0.999658287 0.000316729
1330.786424445 0.999901207 0.000316694
1330.807258235 0.999898463 0.000316712
1330.828092025 0.999825236 0.000316726
1330.848925815 1.000004132 0.000316717
1330.869759604 0.999683614 0.000316755
1330.890593392 0.999873924 0.000316723
1330.91142718 0.999752398 0.000316764
1330.932260968 1.000221049 0.000316704
1330.953094755 0.999833213 0.000316767
1330.973928542 0.999973789 0.000316747
1330.994762328 0.99948248 0.000316818
1331.015596114 0.99993291 0.000316757
1331.036429899 1.00098788 0.000316588
1331.057263684 1.000100824 0.000316722
1331.078097469 0.999354003 0.000316858
1331.098931253 0.999080265 0.000316877
1331.119765037 0.99906827 0.000316864
1331.14059882 0.998766662 0.000316929
1331.161432603 0.999408862 0.000316829
1331.182266385 1.000526783 0.00031663
1331.203100167 1.000256023 0.000316703
1331.223933949 1.000025793 0.000316737
1331.244767729 0.999972934 0.000316762
1331.26560151 0.999826633 0.000316796
1331.28643529 0.999579974 0.000316838
1331.30726907 0.999911846 0.000316781
1331.328102849 1.000028295 0.000316746
1331.348936628 0.99969278 0.000316806
1331.369770407 1.000147795 0.000316758
1331.390604184 0.999870131 0.00031679
1331.411437962 1.000379201 0.000316701
1331.432271739 0.999836364 0.000316804
1331.453105516 0.999337325 0.000316875
1331.473939292 1.000407837 0.0003167
1331.494773068 0.99959521 0.000316782
1331.515606843 0.999699508 0.000316814
1331.536440618 0.99986292 0.000316799
1331.557274392 0.999571867 0.000316859
1331.578108166 1.000218117 0.000316747
1331.59894194 1.000091429 0.000316765
1331.619775713 0.999723829 0.000316815
1331.640609486 0.99981585 0.000316798
1331.661443258 0.999928455 0.000316771
1331.68227703 0.999978985 0.000316731
1331.702962235 NA NA
1331.72379556833 NA NA
1331.74462890167 NA NA
1331.765462235 NA NA
1331.78629556833 NA NA
1331.80712890167 NA NA
1331.827962235 NA NA
1331.84879556833 NA NA
1331.86962890167 NA NA
1331.890614724 0.999623941 0.000316779
1331.911448491 0.999990003 0.000316736
1331.932282258 1.000173253 0.000316736
1331.953116024 0.999745214 0.000316782
1331.973949789 0.99988436 0.000316769
1331.994783555 1.000349028 0.000316754
1332.015617319 0.999944416 0.000316814
1332.036451084 1.000376889 0.000316718
1332.057284848 1.000250196 0.000316738
1332.078118611 0.999419281 0.000316868
1332.098952374 0.999255777 0.000316902
1332.119786137 0.99970875 0.000316813
1332.140619899 0.999932769 0.000316781
1332.161453661 0.999517505 0.000316848
1332.182287422 1.000026393 0.000316789
1332.203121183 0.999661823 0.000316854
1332.223954943 0.999686021 0.000316821
1332.244788703 1.000019547 0.000316744
1332.265622463 0.999722277 0.000316808
1332.286456222 0.999577099 0.000316835
1332.307289976 1.000158153 0.000316763
1332.328123735 0.999936937 0.000316816
1332.348957492 0.99967272 0.000316844
1332.36979125 0.999559304 0.000316855
1332.390625007 0.999826759 0.000316802
1332.411458763 0.999727716 0.000316877
1332.432292519 1.000151014 0.000316768
1332.453126275 0.999885781 0.000316807
1332.47396003 1.00026126 0.000316756
1332.494793784 0.99978443 0.000316838
1332.515627539 1.000483654 0.000316729
1332.536461293 1.00002359 0.000316797
1332.557295046 0.999516487 0.00031686
1332.578128799 1.00028503 0.000316729
1332.598962551 0.999540239 0.000316826
1332.619796304 0.999395398 0.000316831
1332.640630055 0.999462125 0.000316847
1332.661463806 0.999959504 0.000316814
1332.682297557 0.99989818 0.00031681
1332.703131308 0.999554452 0.000316866
1332.723965057 1.000083872 0.000316817
1332.744798807 1.000090317 0.00031681
1332.765632556 0.999992404 0.000316815
1332.786466304 0.999932568 0.00031682
1332.807300052 1.000148991 0.000316801
1332.8281338 0.999411437 0.000316924
1332.84879556833 NA NA
1332.869801294 0.999401739 0.000316874
1332.890635041 1.000541366 0.00031671
1332.911468787 0.999304099 0.000316906
1332.932302532 0.999960285 0.0003168
1332.953136277 0.999003382 0.000316948
1332.973970022 1.000072898 0.000316749
1332.994803766 1.000124722 0.000316755
1333.01563751 0.999747246 0.000316835
1333.036471254 1.000047981 0.000316787
1333.057304997 0.999856736 0.000316845
1333.078138739 0.999798279 0.000316833
1333.098972481 0.999562222 0.000316877
1333.119806223 1.000054944 0.000316793
1333.140639964 0.999809182 0.000316826
1333.161473704 1.00040117 0.000316711
1333.18212890167 NA NA
1333.202962235 NA NA
1333.22379556833 NA NA
1333.24462890167 NA NA
1333.265462235 NA NA
1333.28629556833 NA NA
1333.30712890167 NA NA
1333.327962235 NA NA
1333.34879556833 NA NA
1333.369810541 1.000243759 0.000316691
1333.390644189 0.999755258 0.000316826
1333.411477835 1.000088942 0.000316799
1333.432311482 1.000000356 0.000316804
1333.453145128 0.999498456 0.000316876
1333.473978773 1.000371291 0.000316743
1333.494812419 0.999338041 0.000316917
1333.515646063 0.999341064 0.000316912
1333.536479708 1.000084511 0.000316798
1333.557313351 0.99969652 0.000316877
1333.578146995 0.99988868 0.000316847
1333.598980638 0.999408441 0.000316913
1333.61981428 1.000278904 0.000316774
1333.640647922 1.000089985 0.000316822
1333.661481564 0.999749801 0.000316882
1333.682315205 1.000121536 0.000316824
1333.703148846 1.000125963 0.000316824
1333.723982487 0.999805761 0.000316854
1333.744816127 0.999586643 0.000316902
1333.765649766 0.999908148 0.000316852
1333.786483405 0.999543696 0.000316925
1333.807317044 1.000529533 0.000316767
1333.828150682 0.999447317 0.000316944
1333.84898432 0.999266049 0.000316993
1333.869817957 0.999351168 0.000316973
1333.890651594 0.998964416 0.000317018
1333.911485231 0.99976487 0.000316883
1333.932318867 1.000137019 0.000316837
1333.953152503 1.000535283 0.000316767
1333.973986138 0.999859248 0.000316852
1333.994819773 0.999569699 0.00031691
1334.015653407 1.000465223 0.000316755
1334.036487041 0.999880695 0.000316856
1334.057320675 1.000229076 0.000316782
1334.078154308 0.999835188 0.000316836
1334.098987941 0.999650174 0.000316862
1334.119821573 0.999570309 0.000316901
1334.140655205 1.000241177 0.000316819
1334.161488836 1.00002742 0.000316849
1334.182322468 0.999433657 0.000316948
1334.203156098 0.999803204 0.000316866
1334.223989728 0.999541619 0.000316924
1334.244823358 0.99916867 0.000316994
1334.265656987 0.999804401 0.000316875
1334.286490616 0.999749139 0.000316902
1334.307324245 0.999554515 0.000316947
1334.328157873 1.000334614 0.000316814
1334.3489915 1.000190398 0.000316813
1334.369825128 1.000022328 0.000316827
1334.390658754 0.9995184 0.000316921
1334.411492381 0.999456674 0.000316921
1334.432326007 0.999934379 0.00031685
1334.453159632 0.999683539 0.000316865
1334.473993257 1.000173419 0.000316783
1334.494826882 1.000410868 0.000316779
1334.515660506 1.000289059 0.000316818
1334.53649413 0.999615878 0.000316923
1334.557327754 0.999504555 0.000316943
1334.578161377 0.999866068 0.000316897
1334.598995 0.999537558 0.000316942
1334.619828622 0.999691508 0.000316899
1334.640462235 NA NA
1334.66129556833 NA NA
1334.68212890167 NA NA
1334.702962235 NA NA
1334.72379556833 NA NA
1334.74462890167 NA NA
1334.765462235 NA NA
1334.78629556833 NA NA
1334.80712890167 NA NA
1334.827962235 NA NA
1334.84879556833 NA NA
1334.869832057 1.000664008 0.000316792
1334.890665673 0.999498057 0.000317007
1334.91149929 0.999591404 0.00031698
1334.932332906 0.999882745 0.000316952
1334.953166521 0.999844987 0.000316961
1334.974000137 0.999595568 0.000317005
1334.99462890167 NA NA
1335.015667366 0.999738463 0.000317033
1335.03650098 0.999885843 0.000316977
1335.057334594 1.000033677 0.000316938
1335.078168206 0.999479344 0.00031703
1335.099001819 1.000513931 0.000316892
1335.119835432 0.999893043 0.000316986
1335.140669044 0.999976856 0.000316965
1335.161502655 1.000783989 0.000316838
1335.182336266 0.999754738 0.000316985
1335.203169877 0.999634669 0.000316988
1335.224003488 0.9994338 0.000317008
1335.244837098 1.000328673 0.000316897
1335.265670707 0.999639216 0.000317001
1335.286504316 0.999371224 0.000317061
1335.307337925 0.998429729 0.000317207
1335.328171534 0.998904751 0.000317154
1335.34879556833 NA NA
1335.369838749 0.999070419 0.000317047
1335.390672356 1.00031689 0.000316844
1335.411505963 0.999476619 0.000316964
1335.432339569 0.999542468 0.000316954
1335.453173175 1.000270912 0.000316865
1335.474006781 0.999843072 0.000316962
1335.494840386 0.999687123 0.000316985
1335.515673991 0.999887338 0.000316933
1335.536507595 1.000219026 0.000316863
1335.557341199 1.00013412 0.000316861
1335.578174803 1.00023364 0.000316834
1335.599008406 0.999993763 0.000316927
1335.619842009 0.999723728 0.000316966
1335.640675611 1.000024134 0.000316936
1335.661509213 0.999989016 0.000316924
1335.682342815 0.999623393 0.000316982
1335.703176416 0.999828496 0.000316926
1335.724010017 0.999801148 0.000316925
1335.744843618 0.999003307 0.00031704
1335.765677218 1.000094222 0.000316872
1335.786510817 1.000158948 0.000316857
1335.807344417 0.999553552 0.000316959
1335.828178016 1.000398995 0.000316822
1335.849011614 0.999869214 0.000316924
1335.869845212 0.999586532 0.000316963
1335.89067881 1.000444859 0.000316812
1335.911512408 1.000653599 0.000316778
1335.932346005 0.999152595 0.000316992
1335.953179601 0.99945179 0.000316968
1335.974013197 0.999346087 0.000316984
1335.994846794 0.999590064 0.000316955
1336.015680389 0.999626038 0.00031695
1336.036513984 0.999641538 0.000316942
1336.057347579 1.00016821 0.000316872
1336.078181173 1.00004623 0.000316866
1336.099014767 0.999869524 0.0003169
1336.11962890167 NA NA
1336.140462235 NA NA
1336.16129556833 NA NA
1336.18212890167 NA NA
1336.202962235 NA NA
1336.22379556833 NA NA
1336.24462890167 NA NA
1336.265462235 NA NA
1336.28629556833 NA NA
1336.30712890167 NA NA
1336.327962235 NA NA
1336.349017866 0.999619131 0.000316978
1336.369851455 1.001440658 0.000316718
1336.390685044 1.000363357 0.000316904
1336.411518648 0.999489426 0.00031706
1336.432352279 1.000197088 0.000316933
1336.453185921 0.999363655 0.000317056
1336.474019563 0.999935606 0.000316961
1336.494853204 1.000122424 0.000316955
1336.515686845 0.999859912 0.000316987
1336.536520485 0.99979179 0.000317003
1336.557354126 0.99971736 0.000317012
1336.578187766 1.000328279 0.000316913
1336.599021405 0.999780476 0.000317023
1336.619855044 0.999932228 0.000316991
1336.640688683 0.999482393 0.000317053
1336.661522321 1.000264114 0.00031694
1336.68235596 0.999823759 0.000316967
1336.702962235 NA NA
1336.724023235 1.00020985 0.000316941
1336.744856872 0.999457023 0.000317019
1336.765690508 1.000497201 0.000316847
1336.786524145 0.999539116 0.000316979
1336.80735778 0.999491872 0.000316974
1336.828191416 0.99982317 0.000316936
1336.849025051 0.999381641 0.00031701
1336.869858686 0.999910391 0.000316951
1336.890692321 1.000067603 0.000316919
1336.911525955 0.999855113 0.000316938
1336.932359589 0.999929977 0.000316905
1336.953193222 0.999815346 0.000316947
1336.974026855 0.999515739 0.000317002
1336.994860488 0.999903061 0.000316932
1337.015694121 0.999317312 0.000317042
1337.036527753 0.999570966 0.000316963
1337.057361384 0.99935025 0.000316983
1337.078195016 0.999385246 0.000316975
1337.099028647 1.000401619 0.000316846
1337.119862278 0.999526441 0.000317005
1337.140695908 0.999799273 0.000316952
1337.161529538 0.999976246 0.000316945
1337.182363167 1.000044834 0.000316916
1337.203196797 1.000544567 0.00031685
1337.224030426 0.999858166 0.000316953
1337.244864054 1.000753763 0.000316811
1337.265697683 0.999772862 0.000316972
1337.286531311 1.000052226 0.000316929
1337.307364939 0.999423139 0.00031705
1337.328198566 1.000250374 0.000316909
1337.349032193 1.00002092 0.000316937
1337.369865819 1.000120859 0.000316918
1337.390699445 0.999882398 0.000316961
1337.411533071 0.999527885 0.000317017
1337.432366697 0.998971301 0.000317068
1337.453200322 0.998636448 0.00031714
1337.474033947 0.99795651 0.00031726
1337.494867571 0.999264555 0.000317027
1337.515701195 0.999833572 0.000316936
1337.536534819 0.99945736 0.000317023
1337.557368442 1.0000133 0.000316931
1337.578202066 1.000549901 0.000316877
1337.599035688 0.999673362 0.000317001
1337.619869311 1.001174316 0.000316736
1337.640462235 NA NA
1337.66129556833 NA NA
1337.68212890167 NA NA
1337.702962235 NA NA
1337.72379556833 NA NA
1337.74462890167 NA NA
1337.765462235 NA NA
1337.78629556833 NA NA
1337.807371894 0.999404731 0.00031702
1337.828205513 0.999965387 0.000316934
1337.84879556833 NA NA
1337.869872749 0.999656966 0.00031696
1337.890706366 0.999850006 0.000316951
1337.911539983 0.999791441 0.00031696
1337.932373599 0.999757466 0.000316947
1337.953207215 1.000604758 0.000316833
1337.974040831 0.999877555 0.00031694
1337.994874446 0.999731119 0.000316975
1338.015708061 0.999633337 0.00031699
1338.036541675 0.999949579 0.000316934
1338.057375289 0.999694707 0.000316983
1338.078208902 1.000105489 0.000316929
1338.099042515 0.999599949 0.000317001
1338.119876127 0.999691745 0.000317006
1338.140709739 1.00034216 0.000316876
1338.16154335 1.000039151 0.000316899
1338.182376961 0.999836932 0.00031691
1338.203210571 0.999130497 0.000317032
1338.224044181 1.000060871 0.000316884
1338.24487779 0.999923917 0.000316914
1338.265711398 1.000079807 0.000316902
1338.286545006 1.000450599 0.000316841
1338.307378613 0.999476627 0.000316995
1338.328212219 1.000191017 0.000316888
1338.349045825 0.999483626 0.000317011
1338.36987943 0.999773468 0.00031697
1338.390713035 1.000361973 0.000316885
1338.411546638 0.999397609 0.000317043
1338.43212890167 NA NA
1338.452962235 NA NA
1338.47379556833 NA NA
1338.49462890167 NA NA
1338.515462235 NA NA
1338.53629556833 NA NA
1338.55712890167 NA NA
1338.577962235 NA NA
1338.59879556833 NA NA
1338.61962890167 NA NA
1338.640462235 NA NA
1338.66129556833 NA NA
1338.68212890167 NA NA
1338.702962235 NA NA
1338.72379556833 NA NA
1338.74462890167 NA NA
1338.765462235 NA NA
1338.78629556833 NA NA
1338.80712890167 NA NA
1338.827962235 NA NA
1338.84879556833 NA NA
1338.86962890167 NA NA
1338.890462235 NA NA
1338.91129556833 NA NA
1338.93212890167 NA NA
1338.952962235 NA NA
1338.97379556833 NA NA
1338.99462890167 NA NA
1339.015462235 NA NA
1339.03629556833 NA NA
1339.05712890167 NA NA
1339.077962235 NA NA
1339.09879556833 NA NA
1339.11962890167 NA NA
1339.140462235 NA NA
1339.16129556833 NA NA
1339.18212890167 NA NA
1339.202962235 NA NA
1339.22379556833 NA NA
1339.24462890167 NA NA
1339.265462235 NA NA
1339.28629556833 NA NA
1339.30712890167 NA NA
1339.327962235 NA NA
1339.34879556833 NA NA
1339.36962890167 NA NA
1339.390462235 NA NA
1339.41129556833 NA NA
1339.43212890167 NA NA
1339.452962235 NA NA
1339.47379556833 NA NA
1339.49462890167 NA NA
1339.515462235 NA NA
1339.53629556833 NA NA
1339.55712890167 NA NA
1339.577962235 NA NA
1339.59879556833 NA NA
1339.61962890167 NA NA
1339.640462235 NA NA
1339.66129556833 NA NA
1339.68212890167 NA NA
1339.702962235 NA NA
1339.72379556833 NA NA
1339.74462890167 NA NA
1339.765462235 NA NA
1339.78629556833 NA NA
1339.80712890167 NA NA
1339.827962235 NA NA
1339.84879556833 NA NA
1339.86962890167 NA NA
1339.890462235 NA NA
1339.91129556833 NA NA
1339.93212890167 NA NA
1339.952962235 NA NA
1339.97379556833 NA NA
1339.99462890167 NA NA
1340.015462235 NA NA
1340.03629556833 NA NA
1340.05712890167 NA NA
1340.077962235 NA NA
1340.09879556833 NA NA
1340.11962890167 NA NA
1340.140462235 NA NA
1340.16129556833 NA NA
1340.18212890167 NA NA
1340.202962235 NA NA
1340.22379556833 NA NA
1340.24462890167 NA NA
1340.265462235 NA NA
1340.28629556833 NA NA
1340.30712890167 NA NA
1340.327962235 NA NA
1340.34879556833 NA NA
1340.36962890167 NA NA
1340.390462235 NA NA
1340.41129556833 NA NA
1340.43212890167 NA NA
1340.452962235 NA NA
1340.47379556833 NA NA
1340.49462890167 NA NA
1340.515462235 NA NA
1340.53629556833 NA NA
1340.55712890167 NA NA
1340.577962235 NA NA
1340.59879556833 NA NA
1340.61962890167 NA NA
1340.640462235 NA NA
1340.66129556833 NA NA
1340.68212890167 NA NA
1340.702962235 NA NA
1340.72379556833 NA NA
1340.74462890167 NA NA
1340.765462235 NA NA
1340.78629556833 NA NA
1340.80712890167 NA NA
1340.827962235 NA NA
1340.84879556833 NA NA
1340.86962890167 NA NA
1340.890462235 NA NA
1340.91129556833 NA NA
1340.93212890167 NA NA
1340.952962235 NA NA
1340.97379556833 NA NA
1340.99462890167 NA NA
1341.015462235 NA NA
1341.03629556833 NA NA
1341.05712890167 NA NA
1341.077962235 NA NA
1341.09879556833 NA NA
1341.11962890167 NA NA
1341.140462235 NA NA
1341.16129556833 NA NA
1341.18212890167 NA NA
1341.202962235 NA NA
1341.224069969 0.999224596 0.000317195
1341.244903408 0.999332557 0.000317188
1341.265736846 1.000048513 0.000317075
1341.286570283 1.000338463 0.000317033
1341.30740372 0.999771942 0.000317115
1341.328237156 0.999635442 0.000317139
1341.349070593 1.000459873 0.000317003
1341.369904028 1.00026651 0.000317051
1341.390737463 0.999728943 0.000317144
1341.41129556833 NA NA
1341.43212890167 NA NA
1341.452962235 NA NA
1341.474071198 1.000122277 0.000317058
1341.49490463 0.99936017 0.000317164
1341.515738062 0.998792672 0.000317253
1341.536571494 0.999377472 0.000317167
1341.557404925 0.999894173 0.000317098
1341.578238355 1.000380007 0.000317058
1341.59879556833 NA NA
1341.619905215 1.000285629 0.00031705
1341.640738644 0.998227562 0.000317384
1341.661572073 0.998909087 0.000317262
1341.682405501 0.998436001 0.000317354
1341.702962235 NA NA
1341.724072356 0.999803504 0.000317122
1341.744905783 1.000118826 0.000317071
1341.765739209 0.999916127 0.000317129
1341.786572635 0.999993841 0.00031708
1341.807406061 0.999438718 0.000317206
1341.828239485 0.998963892 0.000317296
1341.849072909 0.999731105 0.000317162
1341.869906334 0.999904206 0.000317121
1341.890739757 1.000370519 0.000317041
1341.91157318 0.999954492 0.000317105
1341.932406603 0.9998311 0.000317124
1341.953240025 1.000297722 0.000317064
1341.974073447 0.999915164 0.000317115
1341.994906868 0.999632573 0.000317174
1342.015740288 1.000388933 0.000317049
1342.036573708 0.999878993 0.000317078
1342.05712890167 NA NA
1342.077962235 NA NA
1342.09879556833 NA NA
1342.11962890167 NA NA
1342.140462235 NA NA
1342.16129556833 NA NA
1342.18212890167 NA NA
1342.202962235 NA NA
1342.22379556833 NA NA
1342.24462890167 NA NA
1342.265462235 NA NA
1342.286574716 0.999010273 0.000317143
1342.30740813 1.000202827 0.000316963
1342.328241544 1.000002863 0.000317021
1342.349074957 1.000210055 0.000316966
1342.36990837 0.999937152 0.000317004
1342.390741782 0.99935398 0.000317095
1342.411575194 0.999613531 0.000317034
1342.432408605 0.999996027 0.000316986
1342.453242016 1.00038602 0.000316951
1342.474075427 0.999830771 0.000317052
1342.494908837 1.00001898 0.000317021
1342.515742247 0.999993411 0.000317033
1342.536575656 0.99985353 0.000317065
1342.557409065 0.999692262 0.000317082
1342.577962235 NA NA
1342.59879556833 NA NA
1342.61962890167 NA NA
1342.640462235 NA NA
1342.661576102 0.999699066 0.000317077
1342.68212890167 NA NA
1342.702962235 NA NA
1342.72379556833 NA NA
1342.74462890167 NA NA
1342.765743136 1.000036048 0.000317044
1342.786576542 1.000100707 0.000317039
1342.807409947 0.999671558 0.000317126
1342.827962235 NA NA
1342.849076756 1.00010551 0.000317041
1342.86991016 0.999369561 0.000317156
1342.890743564 0.999635948 0.000317125
1342.911576966 0.999910246 0.000317081
1342.932410369 0.999974253 0.000317065
1342.953243771 1.000034981 0.000317069
1342.974077173 0.99988198 0.000317064
1342.994910573 0.999127963 0.000317178
1343.015743974 1.000298887 0.000316953
1343.036577374 0.999950378 0.000317051
1343.057410774 1.000441562 0.000316967
1343.078244173 1.00059943 0.000316948
1343.099077572 0.999520015 0.000317104
1343.11991097 0.999525141 0.000317082
1343.140744368 0.999101883 0.000317173
1343.161577765 0.999905678 0.000317039
1343.182411162 0.999285126 0.000317163
1343.203244559 1.000042136 0.000317058
1343.224077955 0.999722327 0.00031709
1343.24491135 0.999675037 0.000317098
1343.265744745 0.999561262 0.000317121
1343.28657814 1.000560637 0.000316982
1343.307411534 1.000073231 0.000317037
1343.328244928 1.00007234 0.000317074
1343.349078321 0.999989521 0.000317072
1343.369911714 0.999449683 0.000317155
1343.390745107 0.999384705 0.000317162
1343.411578498 0.999603204 0.000317143
1343.43241189 1.000212438 0.000317065
1343.453245281 0.999939572 0.000317107
1343.474078671 0.999982104 0.000317111
1343.494912061 0.99948549 0.000317199
1343.515745451 1.000081448 0.000317109
1343.53657884 1.000412114 0.000317032
1343.55712890167 NA NA
1343.577962235 NA NA
1343.59879556833 NA NA
1343.61962890167 NA NA
1343.640462235 NA NA
1343.66129556833 NA NA
1343.68212890167 NA NA
1343.702962235 NA NA
1343.72379556833 NA NA
1343.74462890167 NA NA
1343.76574609 0.998847935 0.000317274
1343.786579473 0.999319383 0.000317216
1343.807412857 0.999051798 0.000317268
1343.828246239 0.999043487 0.000317249
1343.849079621 1.000215621 0.000317086
1343.869913003 1.000426793 0.000317019
1343.890746384 1.000043338 0.00031711
1343.911579765 0.999931493 0.000317097
1343.932413146 1.000281912 0.000317035
1343.953246525 1.000514698 0.000317002
1343.974079905 1.000235038 0.000317059
1343.994913284 1.000217223 0.000317001
1344.015746663 1.000102142 0.000317032
1344.036580041 0.999324179 0.000317183
1344.057413418 0.999651123 0.00031709
1344.078246795 0.999774206 0.000317076
1344.099080172 0.999453849 0.000317109
1344.119913548 0.999446766 0.000317093
1344.140746924 0.999762977 0.00031705
1344.161580299 0.999457263 0.000317111
1344.182413674 1.000008858 0.000317032
1344.203247048 0.999550415 0.000317085
1344.224080422 0.999915704 0.000317058
1344.244913796 1.000027208 0.000317015
1344.265462235 NA NA
1344.286580541 0.999565821 0.000317097
1344.307413913 1.000067314 0.000317026
1344.328247285 1.000070681 0.000317016
1344.349080656 1.000200975 0.000317014
1344.369914027 0.999409076 0.000317127
1344.390747397 0.999786087 0.000317053
1344.411580767 0.99961396 0.000317116
1344.432414136 1.000441475 0.000316969
1344.453247505 0.999900785 0.000317071
1344.474080873 0.999777688 0.000317041
1344.49462890167 NA NA
1344.515462235 NA NA
1344.53629556833 NA NA
1344.557414342 1.000086443 0.000317033
1344.578247708 0.999371437 0.000317128
1344.599081074 0.999442218 0.000317143
1344.619914439 0.999592058 0.000317144
1344.640747803 1.000648789 0.000316966
1344.661581168 0.999467161 0.000317157
1344.68212890167 NA NA
1344.702962235 NA NA
1344.724081257 1.000009808 0.000317058
1344.74491462 0.999441195 0.000317158
1344.765747982 1.000046791 0.000317047
1344.786581343 1.000259614 0.000317033
1344.807414704 1.0002419 0.000317014
1344.828248064 0.999760218 0.000317094
1344.849081424 0.999582759 0.000317123
1344.869914784 0.999906599 0.000317053
1344.890748143 1.000111233 0.000317051
1344.911581502 0.999868735 0.00031709
1344.93241486 0.999903377 0.000317098
1344.953248217 0.999713404 0.000317125
1344.974081575 1.001066551 0.000316928
1344.994914932 0.999986217 0.000317067
1345.015748288 1.000119487 0.000317051
1345.03629556833 NA NA
1345.05712890167 NA NA
1345.077962235 NA NA
1345.09879556833 NA NA
1345.11962890167 NA NA
1345.140462235 NA NA
1345.16129556833 NA NA
1345.18212890167 NA NA
1345.202962235 NA NA
1345.22379556833 NA NA
1345.24462890167 NA NA
1345.265462235 NA NA
1345.286581882 1.000206892 0.000316996
1345.307415231 0.999913629 0.00031705
1345.328248581 0.999610229 0.00031712
1345.34908193 1.000120897 0.000317033
1345.369915279 1.000553601 0.000316952
1345.390748627 0.999739547 0.00031708
1345.411581975 0.9996903 0.000317088
1345.432415322 0.999438322 0.000317102
1345.453248669 0.999765443 0.000317076
1345.474082016 0.99958088 0.0003171
1345.494915362 0.999983191 0.000317049
1345.515748707 0.999489221 0.000317111
1345.536582052 0.999205662 0.00031716
1345.557415396 1.000841939 0.000316896
1345.578248741 0.999281585 0.000317139
1345.599082085 0.999161845 0.000317134
1345.619915427 0.999654113 0.000317062
1345.64074877 0.999525995 0.000317117
1345.661582112 0.999887824 0.000317073
1345.682415454 1.000363211 0.000317005
1345.703248795 1.0001239 0.000317051
1345.724082136 1.000559221 0.000316959
1345.744915477 1.000053166 0.000317063
1345.765748817 0.999863569 0.000317073
1345.786582156 0.999408269 0.000317189
1345.807415495 1.000779271 0.000316957
1345.828248834 0.999484896 0.000317173
1345.849082172 0.998885895 0.000317272
1345.869915509 0.998917215 0.00031725
1345.890748846 0.998907927 0.000317242
1345.911582183 0.998290764 0.000317352
1345.932415519 0.999402707 0.00031718
1345.953248855 1.000356513 0.000317028
1345.97408219 0.99932843 0.000317199
1345.994915525 1.0001711 0.000317069
1346.01574886 0.999801009 0.000317148
1346.036582194 0.99949264 0.000317189
1346.057415527 0.999750968 0.000317167
1346.07824886 1.000212011 0.000317096
1346.099082192 0.999794107 0.000317162
1346.119915524 1.000405053 0.000317077
1346.140748856 1.000174301 0.000317109
1346.161582187 0.999378713 0.000317248
1346.182415518 0.999886089 0.000317115
1346.203248848 1.000031406 0.00031711
1346.224082172 0.999314389 0.000317219
1346.244915501 0.999568477 0.000317169
1346.26574883 1.000418892 0.000317026
1346.286582158 0.999594464 0.000317159
1346.307415486 0.999225875 0.000317209
1346.328248814 0.99963694 0.000317104
1346.349082141 0.999512221 0.000317122
1346.369915467 1.000232544 0.000317011
1346.390748793 1.000224937 0.000317047
1346.411582119 0.999431457 0.000317165
1346.432415444 0.999831033 0.000317133
1346.453248769 0.999886128 0.000317113
1346.474082093 1.000094956 0.000317072
1346.494915417 0.999372345 0.00031719
1346.51574874 1.00017219 0.000317012
1346.536582063 1.000546529 0.00031697
1346.55712890167 NA NA
1346.577962235 NA NA
1346.59879556833 NA NA
1346.61962890167 NA NA
1346.640462235 NA NA
1346.66129556833 NA NA
1346.68212890167 NA NA
1346.702962235 NA NA
1346.72379556833 NA NA
1346.744915266 0.999852578 0.000317107
1346.765748583 0.999758231 0.000317157
1346.786581901 0.999117157 0.000317233
1346.807415218 0.999972839 0.00031713
1346.828248534 0.999844226 0.00031714
1346.84908185 1.000058624 0.000317133
1346.869915166 0.99970212 0.000317177
1346.890748481 0.999835056 0.000317146
1346.911581795 1.000280739 0.000317073
1346.932415109 1.0003363 0.000317049
1346.953248423 0.999143439 0.000317244
1346.974081736 0.999431927 0.000317181
1346.994915049 0.999485206 0.000317214
1347.015748361 1.000147305 0.000317095
1347.036581673 0.999693646 0.000317154
1347.057414984 1.000672585 0.000316968
1347.078248295 0.999726378 0.000317101
1347.099081606 0.999975386 0.000317053
1347.119914916 1.000097193 0.000317045
1347.140748226 0.999456133 0.000317189
1347.161581534 0.999667591 0.000317148
1347.18212890167 NA NA
1347.202962235 NA NA
1347.22379556833 NA NA
1347.244914766 1.000294214 0.00031702
1347.265748073 0.999801445 0.000317088
1347.28629556833 NA NA
1347.30712890167 NA NA
1347.327962235 NA NA
1347.34879556833 NA NA
1347.36962890167 NA NA
1347.390462235 NA NA
1347.41129556833 NA NA
1347.43212890167 NA NA
1347.452962235 NA NA
1347.47379556833 NA NA
1347.49462890167 NA NA
1347.515462235 NA NA
1347.53629556833 NA NA
1347.55712890167 NA NA
1347.577962235 NA NA
1347.59879556833 NA NA
1347.61962890167 NA NA
1347.640462235 NA NA
1347.66129556833 NA NA
1347.68212890167 NA NA
1347.702962235 NA NA
1347.72379556833 NA NA
1347.74462890167 NA NA
1347.765462235 NA NA
1347.78629556833 NA NA
1347.80712890167 NA NA
1347.827962235 NA NA
1347.84879556833 NA NA
1347.86962890167 NA NA
1347.890462235 NA NA
1347.91129556833 NA NA
1347.93212890167 NA NA
1347.952962235 NA NA
1347.97379556833 NA NA
1347.99462890167 NA NA
1348.015462235 NA NA
1348.03629556833 NA NA
1348.05712890167 NA NA
1348.077962235 NA NA
1348.09879556833 NA NA
1348.11962890167 NA NA
1348.140462235 NA NA
1348.16129556833 NA NA
1348.18212890167 NA NA
1348.202962235 NA NA
1348.22379556833 NA NA
1348.24462890167 NA NA
1348.265462235 NA NA
1348.28629556833 NA NA
1348.30712890167 NA NA
1348.327962235 NA NA
1348.34879556833 NA NA
1348.36962890167 NA NA
1348.390462235 NA NA
1348.41129556833 NA NA
1348.43212890167 NA NA
1348.452962235 NA NA
1348.47379556833 NA NA
1348.49462890167 NA NA
1348.515462235 NA NA
1348.53629556833 NA NA
1348.55712890167 NA NA
1348.577962235 NA NA
1348.59879556833 NA NA
1348.61962890167 NA NA
1348.640462235 NA NA
1348.66129556833 NA NA
1348.68212890167 NA NA
1348.702962235 NA NA
1348.72379556833 NA NA
1348.74462890167 NA NA
1348.765462235 NA NA
1348.78629556833 NA NA
1348.80712890167 NA NA
1348.827962235 NA NA
1348.84879556833 NA NA
1348.86962890167 NA NA
1348.890462235 NA NA
1348.91129556833 NA NA
1348.93212890167 NA NA
1348.952962235 NA NA
1348.97379556833 NA NA
1348.99462890167 NA NA
1349.015462235 NA NA
1349.03629556833 NA NA
1349.05712890167 NA NA
1349.077962235 NA NA
1349.09879556833 NA NA
1349.11962890167 NA NA
1349.140462235 NA NA
1349.16129556833 NA NA
1349.18212890167 NA NA
1349.202962235 NA NA
1349.22379556833 NA NA
1349.24462890167 NA NA
1349.265462235 NA NA
1349.28629556833 NA NA
1349.30712890167 NA NA
1349.327962235 NA NA
1349.34879556833 NA NA
1349.36962890167 NA NA
1349.390742978 0.999985693 0.0003171
1349.411576239 1.000177539 0.00031705
1349.4324095 0.999735212 0.00031716
1349.45324276 0.999974268 0.000317142
1349.47379556833 NA NA
1349.49462890167 NA NA
1349.515462235 NA NA
1349.53629556833 NA NA
1349.55712890167 NA NA
1349.577962235 NA NA
1349.59879556833 NA NA
1349.61962890167 NA NA
1349.640462235 NA NA
1349.66129556833 NA NA
1349.68212890167 NA NA
1349.702962235 NA NA
1349.724075105 1.000189099 0.000317104
1349.74490836 1.000067764 0.00031716
1349.765741614 0.999591404 0.000317225
1349.786574868 1.001116305 0.000317
1349.807408121 0.999189324 0.000317318
1349.828241374 0.999965771 0.000317201
1349.849074626 0.999894561 0.000317183
1349.869907878 1.00011338 0.000317187
1349.89074113 0.999806737 0.000317212
1349.911574381 1.000123348 0.000317171
1349.932407632 1.000514326 0.000317099
1349.953240882 0.9999077 0.000317215
1349.974074133 0.999781013 0.00031723
1349.994907382 1.000014772 0.000317196
1350.015740632 1.000056048 0.000317201
1350.03657388 1.000139754 0.000317197
1350.057407129 0.999653647 0.000317251
1350.078240377 0.998746097 0.000317356
1350.099073624 0.998483331 0.00031742
1350.119906872 0.99822328 0.000317452
1350.140740119 0.99942218 0.000317276
1350.161573365 0.999137675 0.000317312
1350.182406611 1.000334181 0.00031715
1350.203239857 1.000074378 0.000317197
1350.224073102 1.000243825 0.000317171
1350.244906347 0.999322538 0.00031732
1350.265739591 0.999897978 0.000317216
1350.286572835 0.999924476 0.000317212
1350.307406079 0.99957435 0.000317259
1350.328239323 0.999966392 0.000317206
1350.349072566 1.000085223 0.000317171
1350.369905808 0.999438385 0.00031723
1350.39073905 0.999517918 0.00031724
1350.411572291 1.000416799 0.000317098
1350.432405531 0.999597562 0.000317201
1350.453238771 1.000451732 0.000317052
1350.47407201 0.999171013 0.000317289
1350.494905249 0.999313577 0.000317245
1350.515738487 0.999604281 0.000317214
1350.536571726 1.000346571 0.000317085
1350.557404964 1.000149775 0.000317145
1350.578238201 1.000172539 0.000317108
1350.599071438 0.999680724 0.000317203
1350.619904675 0.999682239 0.000317214
1350.640737911 0.999847439 0.000317198
1350.661571147 1.000690028 0.000317074
1350.682404383 0.999502235 0.000317254
1350.703237618 0.999847721 0.000317196
1350.724070853 0.999775168 0.000317152
1350.744904087 0.999978899 0.000317191
1350.765737321 0.999512406 0.00031723
1350.786570555 0.999892088 0.000317169
1350.807403789 0.999910687 0.000317145
1350.828237022 0.999264775 0.000317268
1350.849070254 0.999834794 0.000317166
1350.869903486 0.999787469 0.000317204
1350.890736718 1.000557066 0.000317065
1350.91156995 0.999745547 0.000317236
1350.932403181 0.999564966 0.000317248
1350.953236412 1.000175889 0.000317153
1350.974069642 0.999837061 0.000317214
1350.99462890167 NA NA
1351.015462235 NA NA
1351.03629556833 NA NA
1351.05712890167 NA NA
1351.077962235 NA NA
1351.09879556833 NA NA
1351.11962890167 NA NA
1351.140462235 NA NA
1351.16129556833 NA NA
1351.18212890167 NA NA
1351.203235154 0.999500224 0.000317238
1351.22406838 0.999902645 0.000317193
1351.244901606 0.999607383 0.000317256
1351.265734832 0.999729164 0.000317191
1351.286568057 0.999314459 0.000317307
1351.307401282 0.998800104 0.000317387
1351.328234506 1.000406679 0.000317163
1351.34906773 1.00024609 0.000317139
1351.369900954 1.00063133 0.000317121
1351.390734178 1.000037557 0.000317465
1351.4115674 1.000070541 0.000317199
1351.432400624 1.000424246 0.000317136
1351.453233846 0.99979336 0.000317229
1351.474067068 0.999535483 0.000317268
1351.49490029 0.999481726 0.000317246
1351.515733511 1.000152343 0.00031714
1351.536566732 0.999963 0.000317184
1351.557399953 1.000250681 0.000317084
1351.578233173 0.999707448 0.000317234
1351.599066393 0.999334945 0.000317315
1351.619899613 0.999420795 0.0003173
1351.640732833 0.999338741 0.000317334
1351.661566052 0.999658169 0.000317245
1351.68239927 1.000376951 0.000317131
1351.703232489 0.99971346 0.00031728
1351.724065706 0.999681915 0.000317289
1351.744898924 1.000010543 0.000317214
1351.765732142 1.000157983 0.000317213
1351.786565358 0.999384203 0.000317315
1351.807398575 0.999661272 0.000317284
1351.828231792 0.999983176 0.00031718
1351.849065008 0.999647281 0.000317289
1351.869898223 0.999868822 0.000317237
1351.890731439 0.999850088 0.00031722
1351.911564654 1.000247073 0.000317151
1351.932397868 0.999531867 0.000317237
1351.953231082 0.999299786 0.000317329
1351.974064296 1.000116272 0.000317193
1351.99489751 0.999969825 0.000317232
1352.015730723 0.999916052 0.000317227
1352.036563936 1.000147244 0.000317209
1352.057397148 0.999844936 0.000317262
1352.07823036 1.000627169 0.000317113
1352.099063572 1.000238837 0.000317194
1352.119896783 1.000358864 0.000317156
1352.140729995 0.999597264 0.000317325
1352.161563205 0.999981345 0.000317237
1352.18212890167 NA NA
1352.202962235 NA NA
1352.224062835 0.999668453 0.000317236
1352.244896044 0.998769062 0.000317373
1352.265729252 0.99975299 0.000317225
1352.286562461 0.999613251 0.000317249
1352.307395669 0.999942545 0.000317188
1352.328228876 0.999093219 0.000317357
1352.349062083 0.999457681 0.000317302
1352.369895289 0.999674977 0.000317253
1352.390728495 1.000078908 0.000317183
1352.411561701 1.000453416 0.000317108
1352.432394906 1.000372034 0.00031711
1352.453228111 0.999810878 0.000317164
1352.474061315 1.000181038 0.000317096
1352.494894519 0.999669217 0.000317158
1352.515462235 NA NA
1352.53629556833 NA NA
1352.55712890167 NA NA
1352.577962235 NA NA
1352.59879556833 NA NA
1352.61989373 1.000194453 0.000317031
1352.64072693 0.999651276 0.000317149
1352.661560129 0.999427117 0.000317181
1352.682393328 0.999658279 0.000317166
1352.703226526 0.999649672 0.000317138
1352.724059723 0.999824958 0.000317184
1352.74489292 0.999777563 0.000317165
1352.765726115 0.999806321 0.000317193
1352.78655931 1.000091114 0.000317138
1352.807392504 1.000610913 0.00031705
1352.828225697 0.999508586 0.000317219
1352.84905889 0.999230792 0.000317263
1352.869892081 0.999189964 0.000317252
1352.890725272 0.999504821 0.00031719
1352.911558462 0.999886855 0.000317143
1352.932391651 1.000077679 0.000317092
1352.953224838 0.999648335 0.000317189
1352.974058025 1.000146607 0.000317112
1352.99489121 0.999733933 0.000317164
1353.015724394 1.000158436 0.00031709
1353.036557578 1.000742819 0.000317001
1353.057390759 1.000296637 0.000317086
1353.07822394 1.001364536 0.000316924
1353.099057119 0.999626512 0.000317234
1353.119890297 0.999770845 0.000317173
1353.140723473 0.999852067 0.000317179
