Time Flux Fluxerr
1518.411165649 1.000769439 0.000851203
1518.431999619 0.998889667 0.000851964
1518.452833588 1.001644586 0.000850562
1518.473667556 0.998134104 0.000852165
1518.494501524 0.999193345 0.000851525
1518.515335492 0.999389864 0.000851561
1518.53616946 1.000649721 0.000850802
1518.557003427 1.000527642 0.000850891
1518.577837393 0.998474166 0.000851974
1518.598671359 1.00003782 0.000851302
1518.619505325 1.002283743 0.000850337
1518.64033929 0.999141327 0.000851556
1518.661173254 0.999411875 0.000851634
1518.682007219 0.998525856 0.000852029
1518.702841182 1.000403834 0.000851026
1518.723675145 1.000093773 0.000851427
1518.744509108 0.99993715 0.000851294
1518.76534307 1.001623518 0.000850632
1518.786177031 1.001543947 0.000850567
1518.807010992 1.000222052 0.000851207
1518.827844952 1.000177409 0.000851261
1518.848678912 1.000617049 0.000850997
1518.869512871 0.999377481 0.000851542
1518.89034683 1.000548773 0.000851063
1518.911180788 0.999429454 0.000851522
1518.932014746 0.994405603 0.000853663
1518.952848702 0.993952832 0.000854089
1518.973682659 0.9931648 0.00085433
1518.994516614 0.999097964 0.00085166
1519.015350569 0.998496896 0.000851762
1519.036184524 0.999282913 0.00085149
1519.057018478 1.001140942 0.000850614
1519.077852431 0.999755636 0.000851256
1519.098686383 1.001447656 0.000850413
1519.119520335 0.999296309 0.000851324
1519.140354287 0.999538595 0.000851234
1519.161188237 1.000042186 0.000850967
1519.182022187 1.000879342 0.000850556
1519.202856136 1.00046816 0.000850719
1519.223690085 1.001211194 0.000850333
1519.244524033 0.999752731 0.000851046
1519.265357981 0.999592473 0.000851078
1519.286191927 1.000230718 0.000850745
1519.307025873 0.998446691 0.00085156
1519.327859819 0.999711118 0.000850999
1519.348693763 1.000058987 0.000850899
1519.369527707 1.000108819 0.000850788
1519.390361651 0.999881959 0.000850985
1519.411195593 0.999477787 0.000851096
1519.432029535 0.999640245 0.000851128
1519.452863477 0.999218108 0.000851272
1519.473697417 0.999098878 0.000851459
1519.494531357 0.999855485 0.000850987
1519.515365296 0.99923531 0.000851266
1519.536199234 0.998078988 0.000851855
1519.557033172 0.998661247 0.000851587
1519.577867109 1.000429949 0.000850662
1519.598701046 0.999632119 0.000851086
1519.619534981 1.000853062 0.000850538
1519.640368916 0.999893744 0.000850916
1519.66120285 0.999557798 0.000851063
1519.682036784 1.00082563 0.000850489
1519.702870717 1.001380601 0.000850168
1519.723704649 1.000692873 0.000850414
1519.744538581 0.99906751 0.000851195
1519.765372511 0.999768355 0.000850807
1519.786206441 0.999622076 0.000850918
1519.80704037 0.999853387 0.000850783
1519.827874298 0.999125754 0.000851184
1519.848708227 1.000057575 0.000850766
1519.869542153 0.999409201 0.000851104
1519.890376079 1.000409129 0.000850666
1519.911210005 1.001235448 0.000850254
1519.93204393 1.00036383 0.000850641
1519.952877854 1.000203258 0.000850738
1519.973711777 0.999556731 0.000851094
1519.9945457 0.997943268 0.000851783
1520.015379622 1.001344932 0.000850251
1520.036213543 0.999317582 0.00085113
1520.057047464 1.000389872 0.000850704
1520.077881383 0.998758159 0.000851432
1520.098715302 0.997770575 0.000851929
1520.11954922 1.000454432 0.000850759
1520.140383138 0.99838608 0.000851721
1520.161217054 0.998241678 0.000851842
1520.18205097 0.998911428 0.000851588
1520.202884885 1.00052402 0.000850822
1520.2237188 0.999187399 0.000851474
1520.244552714 1.000243938 0.000851012
1520.265386627 0.999733383 0.000851331
1520.286220538 1.001356922 0.000850488
1520.307054448 0.99964182 0.000851289
1520.327888358 1.000105957 0.000851072
1520.348722268 1.000244167 0.000851033
1520.369556178 1.000125205 0.000851092
1520.390390086 0.999359418 0.000851486
1520.411223994 0.999999081 0.000851181
1520.432057901 1.001770083 0.000850391
1520.452891807 0.999752635 0.000851319
1520.473725712 0.999736369 0.000851397
1520.494559617 1.00197798 0.000850345
1520.51533231567 NA NA
1520.536227424 1.001742431 0.000850511
1520.557061326 1.001203874 0.000850719
1520.577895227 1.000087546 0.000851255
1520.598729128 1.00026738 0.000851148
1520.619563028 0.999130089 0.0008516
1520.640396928 0.998433669 0.000851933
1520.661230826 0.999033293 0.000851764
1520.682064724 0.999593664 0.00085141
1520.702898621 0.999306138 0.000851573
1520.723732517 1.000797349 0.000850767
1520.744566412 0.998833799 0.00085173
1520.765400307 0.998624026 0.000851761
1520.786234201 1.000176285 0.000851037
1520.807068094 0.999828366 0.000851247
1520.827901986 1.001036645 0.000850633
1520.848735877 0.999761475 0.000851199
1520.869569768 0.999010773 0.000851486
1520.890403658 1.000331988 0.000850842
1520.911237548 0.99993339 0.000850985
1520.932071436 1.001504029 0.000850255
1520.952905324 0.998638132 0.000851634
1520.97373921 1.001112763 0.000850427
1520.994573096 0.999237596 0.000851319
1521.015406982 0.998680156 0.000851554
1521.036240866 0.999491561 0.000851231
1521.05707475 0.997703539 0.000852029
1521.077908633 1.00151433 0.000850329
1521.098742516 0.99896737 0.000851617
1521.119576397 0.999793888 0.000851093
1521.140410277 0.999476957 0.000851304
1521.161244157 0.998977965 0.000851515
1521.182078037 0.999870912 0.000851096
1521.202911915 1.000011749 0.00085111
1521.223745792 1.000446014 0.000850939
1521.244579669 1.000154596 0.000851101
1521.265413545 0.998885524 0.000851687
1521.28624742 0.999848291 0.000851238
1521.307081295 1.000051007 0.000851103
1521.327915168 0.999713626 0.000851346
1521.348749041 1.002026693 0.000850261
1521.369582913 0.999710507 0.000851386
1521.390416784 1.000808669 0.000850878
1521.411250655 0.999698324 0.000851382
1521.432084524 0.999164834 0.000851635
1521.452918393 0.99943182 0.000851514
1521.473752261 1.00029757 0.000851081
1521.494586129 0.999378726 0.000851592
1521.515419995 0.999957715 0.000851325
1521.53625386 0.999363447 0.000851598
1521.557087726 0.999781553 0.000851389
1521.577921589 0.999883004 0.000851273
1521.598755453 0.999545394 0.00085144
1521.619589316 0.998511653 0.000852035
1521.640423177 1.000684083 0.000851007
1521.661257038 1.000094359 0.00085124
1521.682090898 0.998398541 0.000851999
1521.702924758 1.000420691 0.000850946
1521.723758616 1.000537271 0.000851044
1521.744592474 0.999219545 0.00085157
1521.765426331 0.999802493 0.000851338
1521.786260187 1.000724115 0.000850907
1521.807094043 1.001653952 0.00085047
1521.827927897 1.000164 0.000851172
1521.848761751 0.99975945 0.000851292
1521.869595604 0.999096503 0.000851569
1521.890429456 0.999665271 0.000851339
1521.911263307 0.99749894 0.000852348
1521.932097158 1.000090988 0.000851169
1521.952931007 0.998958576 0.000851727
1521.973764856 0.999753252 0.000851286
1521.994598705 1.000671303 0.000850839
1522.015432552 0.998107611 0.000852109
1522.036266399 0.999089943 0.000851718
1522.057100244 1.000752766 0.000850919
1522.077934089 0.997680927 0.000852333
1522.098767934 0.999613953 0.000851462
1522.119601777 1.000435295 0.000851205
1522.140435619 0.999789149 0.000851386
1522.161269461 0.999432103 0.000851658
1522.182103302 0.998022358 0.000852259
1522.202937142 0.999313564 0.000851692
1522.223770981 0.999511313 0.000851621
1522.24460482 0.998159933 0.000852239
1522.265438658 0.999999373 0.00085142
1522.286272494 0.999978454 0.000851435
1522.30710633 1.000065514 0.000851397
1522.327940166 0.99886164 0.000851909
1522.348774 1.000641674 0.000851166
1522.369607834 1.000155795 0.000851333
1522.390441666 0.99979943 0.000851462
1522.411275498 1.000299234 0.000851188
1522.43210933 1.000551981 0.000851108
1522.45294316 0.999576274 0.000851606
1522.47377699 0.998529789 0.000852014
1522.494610818 0.999215991 0.000851684
1522.515444646 0.99893101 0.000851819
1522.536278473 0.999490226 0.000851581
1522.5571123 1.000390782 0.000851186
1522.577946125 1.001188275 0.000850764
1522.59877995 0.998277046 0.000852155
1522.619613773 1.000527983 0.000851096
1522.640447597 1.000311537 0.000851242
1522.661281419 0.999277471 0.000851742
1522.68211524 1.00101135 0.000850936
1522.702949061 1.000431537 0.000851215
1522.723782881 0.999225201 0.000851815
1522.744616699 0.999159125 0.000851865
1522.765450518 0.999117755 0.000851849
1522.786284335 0.999456424 0.000851686
1522.807118151 0.997576864 0.000852521
1522.827951967 1.000401618 0.00085132
1522.848785782 1.000618176 0.000851224
1522.869619596 0.999742253 0.000851603
1522.890453409 0.999718136 0.000851682
1522.911287221 1.000182782 0.000851463
1522.932121033 0.999344931 0.000851876
1522.952954844 1.000353848 0.000851459
1522.973788653 0.999605015 0.000851804
1522.994622462 0.99981572 0.000851716
1523.015456271 1.000514261 0.000851497
1523.036290078 0.998405037 0.000852474
1523.057123884 1.001364154 0.000851093
1523.07795769 1.000250461 0.000851654
1523.098791495 1.000330462 0.000851693
1523.119625299 0.999020492 0.000852272
1523.140459102 0.998764644 0.00085241
1523.161292904 0.999596996 0.000852027
1523.182126706 1.001617476 0.000851173
1523.202960507 0.99979596 0.000852066
1523.223794307 1.001427682 0.000851292
1523.244628103 1.000006159 0.000851911
1523.265461901 1.001467638 0.000851326
1523.286295699 1.001376677 0.000851367
1523.307129495 1.000032227 0.00085207
1523.327963291 0.999947485 0.000852045
1523.348797086 0.997292037 0.00085323
1523.36963088 0.996273095 0.000853733
1523.390464673 0.994628177 0.000854505
1523.411298465 0.996448864 0.000853598
1523.432132256 1.000114802 0.000851893
1523.452966047 1.001602987 0.0008512
1523.473799837 0.999880199 0.000852037
1523.494633626 1.00195451 0.000851014
1523.515467414 1.000657452 0.000851541
1523.536301201 1.000004273 0.000851782
1523.557134987 0.998419741 0.000852506
1523.577968773 0.999746853 0.000851822
1523.598802557 1.000266434 0.000851536
1523.619636342 0.998604882 0.000852344
1523.64033231567 NA NA
1523.661303907 0.999809353 0.000851784
1523.682137688 1.000335618 0.000851541
1523.702971469 0.998396834 0.000852336
1523.723805248 0.998750263 0.000852169
1523.744639027 1.000864257 0.000851079
1523.765472804 0.999091635 0.000852011
1523.786306582 0.999812964 0.000851585
1523.807140358 0.999362681 0.000851822
1523.827974133 0.999823941 0.000851591
1523.848807908 1.000416519 0.000851278
1523.869641681 0.999158602 0.000851862
1523.890475454 1.00197026 0.000850551
1523.911309226 0.998753805 0.000851996
1523.932142997 1.000148431 0.000851502
1523.952976767 0.999442163 0.000851779
1523.973810536 1.000048119 0.000851504
1523.994644305 0.999461082 0.000851678
1524.015478072 1.000367227 0.000851304
1524.036311839 1.000046993 0.000851496
1524.057145605 1.000744849 0.000851166
1524.07797937 0.999227072 0.000851906
1524.098813134 1.000939967 0.000851044
1524.119646897 0.999671753 0.000851646
1524.14048066 1.000692093 0.000851329
1524.161314421 0.998796345 0.000852137
1524.182148181 0.999597074 0.000851754
1524.202981941 0.999502673 0.000851768
1524.2238157 0.999253008 0.000851988
1524.244649458 0.999585297 0.000851796
1524.265483215 0.998966444 0.000852118
1524.286316972 1.000086122 0.000851631
1524.307150727 1.000580176 0.000851411
1524.327984481 0.999951905 0.000851732
1524.348818235 0.999358194 0.000852019
1524.369651988 0.998620368 0.000852351
1524.390485739 0.997744654 0.00085271
1524.411319491 1.000229479 0.00085151
1524.432153241 1.000516322 0.00085138
1524.45298699 0.998678987 0.000852211
1524.473820738 0.998602377 0.000852186
1524.494654486 0.99946676 0.000851823
1524.515488232 1.000544461 0.000851314
1524.536321978 1.000310457 0.00085138
1524.557155722 0.999172467 0.000851928
1524.577989467 0.999557436 0.000851779
1524.598823209 1.00019902 0.000851449
1524.619656951 0.999525863 0.000851758
1524.640490692 0.999189055 0.000851957
1524.661324433 0.999535499 0.000851726
1524.682158172 1.001180611 0.00085097
1524.70299191 0.999953421 0.000851541
1524.723825648 1.00039985 0.000851387
1524.744659385 0.999931126 0.000851522
1524.765493121 1.000300865 0.000851376
1524.786326855 0.999901717 0.000851536
1524.807160589 1.000000551 0.000851462
1524.827994323 1.0005183 0.000851238
1524.848828055 0.998134408 0.000852453
1524.869661786 0.998466644 0.000852212
1524.890495516 0.998255491 0.000852354
1524.911329246 0.998797841 0.000852136
1524.932162974 1.000073591 0.000851507
1524.952996702 1.000131979 0.000851448
1524.973830428 0.99892297 0.000852099
1524.994664154 1.000740381 0.000851268
1525.015497879 0.998204907 0.000852363
1525.036331603 0.998126246 0.000852419
1525.057165326 1.0005284 0.000851317
1525.077999048 1.000216976 0.000851419
1525.098832769 0.999522933 0.00085182
1525.119666489 1.000204344 0.000851569
1525.140500209 0.998728078 0.000852227
1525.161333927 0.998197477 0.000852542
1525.182167645 0.99989857 0.000851721
1525.203001361 1.000270199 0.00085161
1525.223835077 0.99926418 0.000852074
1525.244668791 0.99882458 0.000852318
1525.265502505 0.99876389 0.0008523
1525.286336218 1.000364292 0.0008516
1525.30716993 0.99924314 0.000852108
1525.328003641 0.999827177 0.00085182
1525.34883735 1.000495284 0.000851497
1525.36967106 1.000554907 0.000851512
1525.390504768 0.998605374 0.000852384
1525.411338475 0.999726355 0.000851889
1525.432172181 0.999970285 0.000851785
1525.453005886 0.999626019 0.000851959
1525.47383959 0.99990956 0.000851848
1525.494673294 1.000276547 0.000851687
1525.515506996 1.000722988 0.000851447
1525.536340697 0.998981887 0.000852255
1525.557174398 1.000388596 0.000851749
1525.578008097 0.998656156 0.000852398
1525.598841796 0.999872542 0.000851829
1525.619675493 0.999579314 0.000851949
1525.64050919 0.998733332 0.00085237
1525.661342885 0.999826444 0.000851819
1525.68217658 1.000503187 0.000851604
1525.703010274 0.999626435 0.000851955
1525.723843967 0.99995647 0.000851862
1525.744677658 1.001703934 0.000851088
1525.765511349 0.999117672 0.000852256
1525.786345039 0.999025536 0.00085233
1525.807178728 0.999656849 0.000852086
1525.828012415 1.001634636 0.000851138
1525.848846102 1.000085653 0.000851796
1525.869679788 1.000567035 0.000851666
1525.890513473 1.000218404 0.000851779
1525.911347156 0.998911174 0.000852432
1525.932180839 1.000430475 0.000851683
1525.953014521 0.999059263 0.000852327
1525.973848202 0.998658588 0.000852498
1525.994681882 0.999893356 0.000851899
1526.01551556 1.000711398 0.000851553
1526.036349238 0.998337774 0.000852621
1526.057182915 0.999280179 0.000852224
1526.078016591 1.000561981 0.000851639
1526.098850266 1.00008023 0.000851852
1526.119683939 0.999067764 0.000852283
1526.140517612 0.999556807 0.000852049
1526.161351279 0.998069053 0.000852732
1526.18218495 0.998844155 0.00085239
1526.20301862 1.000189183 0.000851761
1526.223852288 1.000456197 0.000851612
1526.244685956 0.997706864 0.000852846
1526.265519622 1.000315028 0.000851695
1526.286353288 1.000604478 0.000851529
1526.307186952 1.000156799 0.000851727
1526.328020616 0.999535746 0.000852019
1526.348854278 0.998250808 0.000852645
1526.369687939 0.999093913 0.000852258
1526.3905216 0.999990615 0.000851876
1526.411355259 0.999053983 0.000852366
1526.432188917 1.00037703 0.000851763
1526.453022574 1.00007851 0.000851852
1526.47385623 1.000033697 0.000851912
1526.494689885 0.999126547 0.000852301
1526.515523539 0.998995002 0.000852393
1526.536357192 0.998975067 0.000852403
1526.557190843 0.9998416 0.000851957
1526.578024494 0.999860663 0.000852005
1526.598858143 0.999447069 0.000852128
1526.619691792 1.000482124 0.000851652
1526.640525439 0.999915561 0.000851965
1526.661359085 0.999553982 0.000852092
1526.682192731 1.000381717 0.000851777
1526.703026375 0.999871662 0.000852004
1526.723665649 NA NA
1526.74449898233 NA NA
1526.76533231567 NA NA
1526.786165649 NA NA
1526.80699898233 NA NA
1526.82783231567 NA NA
1526.848665649 NA NA
1526.86949898233 NA NA
1526.89033231567 NA NA
1526.911165649 NA NA
1526.93199898233 NA NA
1526.95283231567 NA NA
1526.973665649 NA NA
1526.99449898233 NA NA
1527.01533231567 NA NA
1527.036165649 NA NA
1527.05699898233 NA NA
1527.07783231567 NA NA
1527.098665649 NA NA
1527.11949898233 NA NA
1527.14033231567 NA NA
1527.161165649 NA NA
1527.18199898233 NA NA
1527.20283231567 NA NA
1527.223665649 NA NA
1527.24449898233 NA NA
1527.26533231567 NA NA
1527.286165649 NA NA
1527.30699898233 NA NA
1527.32783231567 NA NA
1527.348665649 NA NA
1527.36949898233 NA NA
1527.39033231567 NA NA
1527.411165649 NA NA
1527.43199898233 NA NA
1527.45283231567 NA NA
1527.473665649 NA NA
1527.49449898233 NA NA
1527.51533231567 NA NA
1527.536165649 NA NA
1527.55699898233 NA NA
1527.57783231567 NA NA
1527.598665649 NA NA
1527.61949898233 NA NA
1527.64033231567 NA NA
1527.661165649 NA NA
1527.68199898233 NA NA
1527.70283231567 NA NA
1527.723665649 NA NA
1527.74449898233 NA NA
1527.76533231567 NA NA
1527.786165649 NA NA
1527.80699898233 NA NA
1527.82783231567 NA NA
1527.848665649 NA NA
1527.86949898233 NA NA
1527.89033231567 NA NA
1527.911165649 NA NA
1527.93199898233 NA NA
1527.95283231567 NA NA
1527.973665649 NA NA
1527.99449898233 NA NA
1528.01533231567 NA NA
1528.036165649 NA NA
1528.05699898233 NA NA
1528.07783231567 NA NA
1528.098665649 NA NA
1528.11949898233 NA NA
1528.14033231567 NA NA
1528.161165649 NA NA
1528.18199898233 NA NA
1528.20283231567 NA NA
1528.223665649 NA NA
1528.24449898233 NA NA
1528.26533231567 NA NA
1528.286165649 NA NA
1528.30699898233 NA NA
1528.32783231567 NA NA
1528.348665649 NA NA
1528.36949898233 NA NA
1528.39033231567 NA NA
1528.411165649 NA NA
1528.43199898233 NA NA
1528.45283231567 NA NA
1528.473665649 NA NA
1528.49449898233 NA NA
1528.51533231567 NA NA
1528.536165649 NA NA
1528.55699898233 NA NA
1528.57783231567 NA NA
1528.598665649 NA NA
1528.61949898233 NA NA
1528.64033231567 NA NA
1528.661165649 NA NA
1528.68199898233 NA NA
1528.70283231567 NA NA
1528.723665649 NA NA
1528.74449898233 NA NA
1528.76533231567 NA NA
1528.786165649 NA NA
1528.80699898233 NA NA
1528.82783231567 NA NA
1528.848665649 NA NA
1528.86949898233 NA NA
1528.89033231567 NA NA
1528.911165649 NA NA
1528.93199898233 NA NA
1528.95283231567 NA NA
1528.973665649 NA NA
1528.99449898233 NA NA
1529.01533231567 NA NA
1529.036165649 NA NA
1529.05699898233 NA NA
1529.07783231567 NA NA
1529.098665649 NA NA
1529.11949898233 NA NA
1529.14033231567 NA NA
1529.161165649 NA NA
1529.18199898233 NA NA
1529.20283231567 NA NA
1529.223665649 NA NA
1529.24449898233 NA NA
1529.26533231567 NA NA
1529.286165649 NA NA
1529.30699898233 NA NA
1529.32783231567 NA NA
1529.348665649 NA NA
1529.36949898233 NA NA
1529.39033231567 NA NA
1529.411165649 NA NA
1529.43199898233 NA NA
1529.45283231567 NA NA
1529.473665649 NA NA
1529.49449898233 NA NA
1529.51533231567 NA NA
1529.536165649 NA NA
1529.55699898233 NA NA
1529.57783231567 NA NA
1529.598665649 NA NA
1529.61949898233 NA NA
1529.64033231567 NA NA
1529.661165649 NA NA
1529.68199898233 NA NA
1529.70283231567 NA NA
1529.723665649 NA NA
1529.74449898233 NA NA
1529.76533231567 NA NA
1529.786165649 NA NA
1529.80699898233 NA NA
1529.82783231567 NA NA
1529.848665649 NA NA
1529.86949898233 NA NA
1529.89033231567 NA NA
1529.911165649 NA NA
1529.93199898233 NA NA
1529.95283231567 NA NA
1529.973665649 NA NA
1529.99449898233 NA NA
1530.01533231567 NA NA
1530.036165649 NA NA
1530.05699898233 NA NA
1530.07783231567 NA NA
1530.098665649 NA NA
1530.11949898233 NA NA
1530.14033231567 NA NA
1530.161165649 NA NA
1530.18199898233 NA NA
1530.20283231567 NA NA
1530.223665649 NA NA
1530.24449898233 NA NA
1530.26533231567 NA NA
1530.286165649 NA NA
1530.30699898233 NA NA
1530.32783231567 NA NA
1530.348665649 NA NA
1530.36949898233 NA NA
1530.39033231567 NA NA
1530.411165649 NA NA
1530.43199898233 NA NA
1530.45283231567 NA NA
1530.473665649 NA NA
1530.49449898233 NA NA
1530.51533231567 NA NA
1530.536165649 NA NA
1530.55699898233 NA NA
1530.57783231567 NA NA
1530.598665649 NA NA
1530.61949898233 NA NA
1530.64033231567 NA NA
1530.661165649 NA NA
1530.68199898233 NA NA
1530.70283231567 NA NA
1530.723665649 NA NA
1530.74449898233 NA NA
1530.76533231567 NA NA
1530.786165649 NA NA
1530.80699898233 NA NA
1530.82783231567 NA NA
1530.848665649 NA NA
1530.86949898233 NA NA
1530.89033231567 NA NA
1530.911165649 NA NA
1530.93199898233 NA NA
1530.95283231567 NA NA
1530.973665649 NA NA
1530.99449898233 NA NA
1531.01533231567 NA NA
1531.036165649 NA NA
1531.05699898233 NA NA
1531.07783231567 NA NA
1531.098665649 NA NA
1531.11949898233 NA NA
1531.14033231567 NA NA
1531.161165649 NA NA
1531.18199898233 NA NA
1531.20283231567 NA NA
1531.223665649 NA NA
1531.24449898233 NA NA
1531.26533231567 NA NA
1531.286165649 NA NA
1531.30699898233 NA NA
1531.32783231567 NA NA
1531.348665649 NA NA
1531.36949898233 NA NA
1531.39033231567 NA NA
1531.411165649 NA NA
1531.43199898233 NA NA
1531.45283231567 NA NA
1531.473665649 NA NA
1531.49449898233 NA NA
1531.51533231567 NA NA
1531.536165649 NA NA
1531.55699898233 NA NA
1531.57783231567 NA NA
1531.598665649 NA NA
1531.61949898233 NA NA
1531.64033231567 NA NA
1531.661165649 NA NA
1531.68199898233 NA NA
1531.70283231567 NA NA
1531.723665649 NA NA
1531.74449898233 NA NA
1531.76533231567 NA NA
1531.786165649 NA NA
1531.80699898233 NA NA
1531.82783231567 NA NA
1531.848665649 NA NA
1531.86949898233 NA NA
1531.89033231567 NA NA
1531.911165649 NA NA
1531.93199898233 NA NA
1531.95283231567 NA NA
1531.973665649 NA NA
1531.99449898233 NA NA
1532.01533231567 NA NA
1532.036165649 NA NA
1532.05699898233 NA NA
1532.07783231567 NA NA
1532.098665649 NA NA
1532.11949898233 NA NA
1532.14033231567 NA NA
1532.161165649 NA NA
1532.18199898233 NA NA
1532.20283231567 NA NA
1532.223665649 NA NA
1532.24449898233 NA NA
1532.26533231567 NA NA
1532.286165649 NA NA
1532.30699898233 NA NA
1532.32783231567 NA NA
1532.348665649 NA NA
1532.36949898233 NA NA
1532.39033231567 NA NA
1532.411165649 NA NA
1532.43199898233 NA NA
1532.45283231567 NA NA
1532.473665649 NA NA
1532.49449898233 NA NA
1532.51533231567 NA NA
1532.536165649 NA NA
1532.55699898233 NA NA
1532.57783231567 NA NA
1532.598665649 NA NA
1532.61949898233 NA NA
1532.64033231567 NA NA
1532.661165649 NA NA
1532.68199898233 NA NA
1532.70283231567 NA NA
1532.723665649 NA NA
1532.74449898233 NA NA
1532.76533231567 NA NA
1532.786165649 NA NA
1532.80699898233 NA NA
1532.82783231567 NA NA
1532.848665649 NA NA
1532.86949898233 NA NA
1532.89033231567 NA NA
1532.911165649 NA NA
1532.93199898233 NA NA
1532.95283231567 NA NA
1532.973665649 NA NA
1532.99449898233 NA NA
1533.01533231567 NA NA
1533.036165649 NA NA
1533.05699898233 NA NA
1533.07783231567 NA NA
1533.098665649 NA NA
1533.11949898233 NA NA
1533.14033231567 NA NA
1533.161165649 NA NA
1533.18199898233 NA NA
1533.20283231567 NA NA
1533.223665649 NA NA
1533.24449898233 NA NA
1533.26533231567 NA NA
1533.286165649 NA NA
1533.30699898233 NA NA
1533.32783231567 NA NA
1533.348665649 NA NA
1533.36949898233 NA NA
1533.39033231567 NA NA
1533.411165649 NA NA
1533.43199898233 NA NA
1533.45283231567 NA NA
1533.473665649 NA NA
1533.49449898233 NA NA
1533.51533231567 NA NA
1533.536165649 NA NA
1533.55699898233 NA NA
1533.57783231567 NA NA
1533.598665649 NA NA
1533.61949898233 NA NA
1533.64033231567 NA NA
1533.661165649 NA NA
1533.68199898233 NA NA
1533.70283231567 NA NA
1533.723665649 NA NA
1533.74449898233 NA NA
1533.76533231567 NA NA
1533.786165649 NA NA
1533.80699898233 NA NA
1533.82783231567 NA NA
1533.848665649 NA NA
1533.86949898233 NA NA
1533.89033231567 NA NA
1533.911165649 NA NA
1533.93199898233 NA NA
1533.95283231567 NA NA
1533.973665649 NA NA
1533.99449898233 NA NA
1534.01533231567 NA NA
1534.036165649 NA NA
1534.05699898233 NA NA
1534.07783231567 NA NA
1534.098665649 NA NA
1534.11949898233 NA NA
1534.14033231567 NA NA
1534.161165649 NA NA
1534.18199898233 NA NA
1534.20283231567 NA NA
1534.223665649 NA NA
1534.24449898233 NA NA
1534.26533231567 NA NA
1534.286165649 NA NA
1534.30699898233 NA NA
1534.32783231567 NA NA
1534.348665649 NA NA
1534.36949898233 NA NA
1534.39033231567 NA NA
1534.411165649 NA NA
1534.43199898233 NA NA
1534.45283231567 NA NA
1534.473665649 NA NA
1534.49449898233 NA NA
1534.51533231567 NA NA
1534.536165649 NA NA
1534.55699898233 NA NA
1534.57783231567 NA NA
1534.598665649 NA NA
1534.61949898233 NA NA
1534.64033231567 NA NA
1534.661165649 NA NA
1534.68199898233 NA NA
1534.70283231567 NA NA
1534.723665649 NA NA
1534.74449898233 NA NA
1534.76533231567 NA NA
1534.786165649 NA NA
1534.80699898233 NA NA
1534.82783231567 NA NA
1534.848665649 NA NA
1534.86949898233 NA NA
1534.89033231567 NA NA
1534.911165649 NA NA
1534.93199898233 NA NA
1534.95283231567 NA NA
1534.973665649 NA NA
1534.99449898233 NA NA
1535.01533231567 NA NA
1535.036165649 NA NA
1535.05699898233 NA NA
1535.07783231567 NA NA
1535.098665649 NA NA
1535.11949898233 NA NA
1535.14033231567 NA NA
1535.161165649 NA NA
1535.18199898233 NA NA
1535.20283231567 NA NA
1535.223665649 NA NA
1535.24449898233 NA NA
1535.26533231567 NA NA
1535.286165649 NA NA
1535.30699898233 NA NA
1535.32783231567 NA NA
1535.348665649 NA NA
1535.36949898233 NA NA
1535.39033231567 NA NA
1535.411165649 NA NA
1535.43199898233 NA NA
1535.45283231567 NA NA
1535.473665649 NA NA
1535.49449898233 NA NA
1535.51533231567 NA NA
1535.536165649 NA NA
1535.55699898233 NA NA
1535.57783231567 NA NA
1535.598665649 NA NA
1535.61949898233 NA NA
1535.64033231567 NA NA
1535.661165649 NA NA
1535.68199898233 NA NA
1535.70283231567 NA NA
1535.723665649 NA NA
1535.74449898233 NA NA
1535.76533231567 NA NA
1535.786165649 NA NA
1535.80699898233 NA NA
1535.82783231567 NA NA
1535.848665649 NA NA
1535.86949898233 NA NA
1535.89033231567 NA NA
1535.911165649 NA NA
1535.93199898233 NA NA
1535.95283231567 NA NA
1535.973665649 NA NA
1535.99449898233 NA NA
1536.01533231567 NA NA
1536.036165649 NA NA
1536.05699898233 NA NA
1536.07783231567 NA NA
1536.098665649 NA NA
1536.11949898233 NA NA
1536.14033231567 NA NA
1536.161165649 NA NA
1536.18199898233 NA NA
1536.20283231567 NA NA
1536.223665649 NA NA
1536.24449898233 NA NA
1536.26533231567 NA NA
1536.286165649 NA NA
1536.30699898233 NA NA
1536.32783231567 NA NA
1536.348665649 NA NA
1536.36949898233 NA NA
1536.39033231567 NA NA
1536.411165649 NA NA
1536.43199898233 NA NA
1536.45283231567 NA NA
1536.473665649 NA NA
1536.49449898233 NA NA
1536.51533231567 NA NA
1536.536165649 NA NA
1536.55699898233 NA NA
1536.57783231567 NA NA
1536.598665649 NA NA
1536.61949898233 NA NA
1536.64033231567 NA NA
1536.661165649 NA NA
1536.68199898233 NA NA
1536.70283231567 NA NA
1536.723665649 NA NA
1536.74449898233 NA NA
1536.76533231567 NA NA
1536.786165649 NA NA
1536.80699898233 NA NA
1536.82783231567 NA NA
1536.848665649 NA NA
1536.86949898233 NA NA
1536.89033231567 NA NA
1536.911165649 NA NA
1536.93199898233 NA NA
1536.95283231567 NA NA
1536.973665649 NA NA
1536.99449898233 NA NA
1537.01533231567 NA NA
1537.036165649 NA NA
1537.05699898233 NA NA
1537.07783231567 NA NA
1537.098665649 NA NA
1537.11949898233 NA NA
1537.14033231567 NA NA
1537.161165649 NA NA
1537.18199898233 NA NA
1537.20283231567 NA NA
1537.223665649 NA NA
1537.24449898233 NA NA
1537.265617141 0.998638999 0.000838199
1537.286450517 1.000496932 0.000837468
1537.307283891 0.999474241 0.000838
1537.328117264 0.999553656 0.000838059
1537.348950637 1.000421085 0.000837692
1537.369784009 1.001838427 0.000837276
1537.390617379 0.999353231 0.000838288
1537.411450749 0.999850464 0.000838154
1537.432284118 0.999157626 0.00083872
1537.453117486 0.998886121 0.000839044
1537.473950853 1.00146491 0.000837805
1537.49478422 1.001181553 0.000838004
1537.515617585 0.999363338 0.000839038
1537.536450949 0.999435607 0.000839014
1537.557284313 0.99887189 0.000839394
1537.578117675 1.000328166 0.0008385
1537.598951037 0.999317913 0.00083917
1537.619784398 0.999696149 0.000839025
1537.640617758 0.99989119 0.000839002
1537.661451117 0.999552396 0.000839221
1537.682284475 1.00130712 0.000838642
1537.703117833 0.999056238 0.000839659
1537.723951189 0.998824088 0.000839763
1537.744784544 1.000270145 0.000839252
1537.765617898 1.000354497 0.00083936
1537.786451252 1.000331892 0.000839197
1537.807284604 1.000721326 0.000839329
1537.828117956 1.001352454 0.000838973
1537.848951307 0.99845875 0.000840463
1537.869784656 0.999731144 0.000839722
1537.890618005 1.000159179 0.00083956
1537.911451353 0.999749904 0.000839966
1537.9322847 1.001481381 0.000839329
1537.953118047 0.998824099 0.000840421
1537.973951392 0.997618871 0.000841144
1537.994784736 0.999756065 0.000840305
1538.015618079 0.999850646 0.00084
1538.036451421 0.999429805 0.000840501
1538.057284763 1.001116675 0.000839587
1538.078118103 0.999296539 0.000840425
1538.098951443 0.999324682 0.000840664
1538.119784781 1.000334477 0.000840022
1538.140618119 0.999068901 0.000840698
1538.161451455 1.000263429 0.000840239
1538.182284791 0.998837198 0.000840985
1538.203118126 1.001266804 0.000839876
1538.22395146 1.000722592 0.000840161
1538.244784793 0.998803165 0.000841005
1538.265618125 0.999002143 0.000840992
1538.286451456 1.001035076 0.000840083
1538.307284786 1.000833996 0.000840233
1538.328118115 0.998445037 0.000841418
1538.348951443 1.000146921 0.000840542
1538.36978477 0.999414532 0.000841004
1538.390618096 0.998361104 0.000841749
1538.411451421 1.001213042 0.000840141
1538.432284746 0.999816652 0.000840843
1538.453118069 0.99948678 0.000841282
1538.473951391 0.999703306 0.000840853
1538.494784713 0.999571132 0.000841194
1538.515618033 1.00028201 0.000840777
1538.536451352 1.000307992 0.000840806
1538.557284671 0.998903996 0.000841579
1538.578117988 0.999465269 0.000841352
1538.598951304 1.00109419 0.000840655
1538.61978462 1.000101662 0.000841166
1538.640617934 0.99856008 0.00084173
1538.661451248 1.000518744 0.000840876
1538.68228456 0.999858208 0.000841173
1538.703117872 0.998875992 0.00084173
1538.723951182 0.998081938 0.000841917
1538.744784492 0.999695293 0.0008413
1538.7656178 0.998951303 0.000841633
1538.786451108 1.000409769 0.000841117
1538.807284415 0.999163165 0.000841652
1538.82811772 1.000718509 0.00084083
1538.848951025 0.999929479 0.000841268
1538.869784328 1.001032641 0.000840943
1538.890617631 0.99914416 0.00084163
1538.911450932 0.998708221 0.000841895
1538.932284232 1.00084143 0.000840946
1538.953117532 0.999810841 0.000841404
1538.97395083 0.997537645 0.000842528
1538.994784128 1.000549047 0.000841315
1539.015617424 0.999911726 0.00084181
1539.036450719 0.998112188 0.000842359
1539.057284014 0.999420536 0.000841745
1539.078117307 0.99936135 0.000841835
1539.098950594 0.999271894 0.000842005
1539.119783885 0.999903423 0.000842029
1539.140617176 0.999547081 0.000841832
1539.161450464 1.001513691 0.000840998
1539.182283753 0.998119933 0.000842508
1539.203117039 1.000275497 0.000841674
1539.223950325 1.000211771 0.000841961
1539.24478361 1.000967478 0.000841315
1539.265616894 1.000528597 0.000841638
1539.286450177 0.999438224 0.000842144
1539.307283459 0.999357587 0.000842437
1539.32811674 0.999982153 0.000842024
1539.348950019 1.00169849 0.000841372
1539.369783298 0.999459469 0.000842333
1539.390616575 0.998876167 0.000842607
1539.411449851 0.998903408 0.000842648
1539.432283126 0.998897247 0.000842954
1539.453116401 1.000806154 0.000841772
1539.473949674 0.998953856 0.000842779
1539.494782946 0.99911197 0.000842726
1539.515616217 0.999270367 0.000842671
1539.536449487 1.000701983 0.000842016
1539.557282755 0.998207516 0.000843108
1539.578116023 1.000910291 0.000841907
1539.59894929 0.999744234 0.000842475
1539.619782555 1.000166073 0.000842209
1539.640615819 0.999489789 0.00084261
1539.661449082 0.998422483 0.000843189
1539.68199898233 NA NA
1539.703115605 1.000401266 0.00084224
1539.723948865 1.000430538 0.000842312
1539.744782124 1.000036183 0.000842326
1539.765615382 0.999469393 0.000842685
1539.786448638 1.000529162 0.000842259
1539.807281893 1.001373155 0.000841811
1539.828115147 0.999269601 0.000842881
1539.8489484 1.000281963 0.00084222
1539.869781652 0.999586933 0.000842521
1539.890614902 0.998946614 0.000842985
1539.911448152 0.999372033 0.00084281
1539.9322814 1.000620454 0.000842125
1539.953114647 0.999281022 0.000842739
1539.973947893 0.999988341 0.00084265
1539.994781138 1.000152145 0.000842545
1540.015614381 0.998003858 0.000843505
1540.036447623 0.998319767 0.000843398
1540.057280864 0.999557606 0.000842854
1540.078114104 1.000629019 0.000842276
1540.098947343 1.000231733 0.000842453
1540.11978058 1.000776529 0.000842296
1540.140613816 0.999755605 0.000842717
1540.161447052 0.999354438 0.00084293
1540.182280285 0.999458084 0.000842937
1540.203113518 1.00031146 0.000842464
1540.223946749 0.999217925 0.000842936
1540.244779979 0.997771893 0.000843523
1540.265613208 1.001094156 0.00084216
1540.286446435 0.999106061 0.000842959
1540.307279662 0.999810674 0.000842769
1540.328112887 0.999843047 0.000842727
1540.34894611 0.998749495 0.000843427
1540.369779332 0.999138748 0.000843202
1540.390612553 1.000258557 0.000842724
1540.411445773 1.000688415 0.000842467
1540.432278992 1.000278894 0.000842628
1540.453112209 0.99982131 0.000842868
1540.473945424 0.999711741 0.000843023
1540.494778639 0.998294066 0.000843686
1540.515611852 0.99943694 0.000843071
1540.536445064 1.000977724 0.00084234
1540.557278274 0.998966957 0.000843321
1540.578111483 1.000926281 0.000842419
1540.598944691 1.000754557 0.000842452
1540.619777897 0.998863721 0.000843346
1540.640611102 0.999904862 0.000842979
1540.661444306 0.999939894 0.000843098
1540.682277508 0.998292944 0.000843813
1540.703110709 0.999796572 0.000842999
1540.723943908 1.000888786 0.000842682
1540.744777106 0.998982846 0.000843398
1540.765610302 1.000190331 0.000842907
1540.786443497 0.998978697 0.000843646
1540.807276691 0.998466022 0.000843823
1540.828109883 0.999099139 0.000843605
1540.848943073 0.998993434 0.000843734
1540.869776262 1.001476002 0.000842719
1540.89060945 0.999900066 0.000843429
1540.911442636 0.999764654 0.00084353
1540.932275821 1.000013347 0.000843461
1540.953109004 0.999478934 0.000843821
1540.973942185 0.997238474 0.000844806
1540.994775365 0.999233824 0.000843795
1541.015608543 0.999870074 0.000843618
1541.03644172 0.999112348 0.000844075
1541.057274895 0.999926629 0.000843956
1541.078108069 1.000070928 0.000843664
1541.098941241 0.994467932 0.000846434
1541.119774411 0.992793277 0.000847004
1541.14060758 0.99420491 0.000846407
1541.161440747 0.997144069 0.000845005
1541.182273912 0.998847024 0.00084425
1541.203107076 1.000241802 0.000843724
1541.223940238 0.999896373 0.000843989
1541.244773398 1.000894156 0.00084341
1541.265606557 1.000144326 0.000843705
1541.286439713 0.999310093 0.000844105
1541.307272868 0.999182661 0.000844077
1541.328106021 0.998463995 0.000844604
1541.348939173 1.000529051 0.000843486
1541.369772323 1.000027235 0.000843864
1541.39060547 1.000457319 0.000843816
1541.411438617 1.00046534 0.000843451
1541.432271761 0.998213023 0.000844616
1541.453104903 0.999920987 0.000843757
1541.473938043 0.998251626 0.000844675
1541.494771182 0.999856904 0.00084377
1541.515604318 1.000334677 0.000843731
1541.536437453 1.00154465 0.000843153
1541.557270585 0.998464086 0.000844585
1541.578103716 0.998288182 0.000844645
1541.598936844 0.998381836 0.000844852
1541.619769971 1.000139641 0.0008441
1541.640603095 1.000445356 0.000843705
1541.661436218 1.00008807 0.000844092
1541.682269338 0.999680658 0.000844528
1541.703102456 1.000007026 0.000844138
1541.723935572 0.99874533 0.000844767
1541.744768686 0.999664097 0.00084421
1541.765601798 0.999850849 0.000844287
1541.786434908 1.000825141 0.000843841
1541.807268015 0.999751916 0.000844495
1541.82810112 1.000044758 0.00084435
1541.848934223 1.000037143 0.000843994
1541.869767323 0.998502135 0.000844781
1541.890600421 0.999018855 0.000844525
1541.911433517 1.000015304 0.000844089
1541.932266611 1.00028015 0.000843961
1541.953099702 1.001816215 0.000843319
1541.973932791 1.002838777 0.000842826
