Time Flux Fluxerr
"1" 1468.286280532 0.999444467 0.000458738
"2" 1468.307114406 0.99829287 0.00045897
"3" 1468.327948278 0.998293116 0.000458947
"4" 1468.348782149 0.999393678 0.000458735
"5" 1468.36961602 1.000138134 0.000458532
"6" 1468.39044719867 NA NA
"7" 1468.411283758 1.000062881 0.000458603
"8" 1468.432117626 0.999150406 0.000458769
"9" 1468.452951493 0.998721548 0.000458895
"10" 1468.473785358 0.999563795 0.000458761
"11" 1468.49461386533 NA NA
"12" 1468.515453087 0.998598044 0.000459054
"13" 1468.536280532 NA NA
"14" 1468.55711386533 NA NA
"15" 1468.57794719867 NA NA
"16" 1468.598780532 NA NA
"17" 1468.61961386533 NA NA
"18" 1468.64044719867 NA NA
"19" 1468.661280532 NA NA
"20" 1468.68211386533 NA NA
"21" 1468.70294719867 NA NA
"22" 1468.723780532 NA NA
"23" 1468.74461386533 NA NA
"24" 1468.76544719867 NA NA
"25" 1468.786280532 NA NA
"26" 1468.80711386533 NA NA
"27" 1468.82794719867 NA NA
"28" 1468.848780532 NA NA
"29" 1468.86961386533 NA NA
"30" 1468.89044719867 NA NA
"31" 1468.911296318 0.999804175 0.000458937
"32" 1468.932130163 1.00001344 0.000458961
"33" 1468.952964007 1.000198451 0.000458934
"34" 1468.973797849 0.999528105 0.000459006
"35" 1468.994631692 0.999922639 0.000458967
"36" 1469.015465533 1.000047911 0.000458916
"37" 1469.036299373 0.999929827 0.000458973
"38" 1469.057133212 0.999162226 0.000459141
"39" 1469.07796705 0.999734711 0.000458998
"40" 1469.098800887 0.999292667 0.000459063
"41" 1469.119634723 0.999397008 0.000459048
"42" 1469.140468559 0.999932774 0.000458912
"43" 1469.161302393 1.00004409 0.000458744
"44" 1469.182136227 1.000256232 0.000458792
"45" 1469.202970059 1.000228593 0.000458768
"46" 1469.22380389 0.998724648 0.000459067
"47" 1469.244637721 0.999837281 0.000458863
"48" 1469.265471551 0.999695263 0.000458932
"49" 1469.28630538 1.000403437 0.000458796
"50" 1469.307139207 1.000715884 0.000458721
"51" 1469.327973034 1.000223414 0.000458775
"52" 1469.34880686 0.999782242 0.000458813
"53" 1469.369640685 0.99909847 0.000458871
"54" 1469.390474509 0.999047775 0.000458879
"55" 1469.411308332 0.999547652 0.000458839
"56" 1469.432142154 0.999328985 0.000458928
"57" 1469.452975976 1.000061934 0.000458801
"58" 1469.473809796 0.999788355 0.000458872
"59" 1469.494643616 0.999271125 0.000458936
"60" 1469.515477434 1.000170471 0.00045877
"61" 1469.536311251 0.999301499 0.000458943
"62" 1469.557145068 0.999926235 0.000458794
"63" 1469.577978883 0.999818417 0.000458789
"64" 1469.598812698 0.999752252 0.000458741
"65" 1469.619646512 1.000595779 0.000458603
"66" 1469.640480325 1.000033146 0.000458761
"67" 1469.661314137 1.001404143 0.000458469
"68" 1469.682147948 1.000610009 0.000458654
"69" 1469.702981758 1.000898979 0.000458585
"70" 1469.723815567 1.000256921 0.000458697
"71" 1469.744649375 1.000127197 0.000458696
"72" 1469.765483182 1.000472235 0.000458617
"73" 1469.786316989 0.999316585 0.000458864
"74" 1469.807150794 1.00170784 0.000458336
"75" 1469.827984599 0.999920702 0.000458737
"76" 1469.848818402 0.999100986 0.000458908
"77" 1469.869652205 0.999925815 0.000458688
"78" 1469.890486006 0.999978422 0.00045867
"79" 1469.911319807 1.000200002 0.0004586
"80" 1469.932153607 0.999638687 0.000458694
"81" 1469.952987406 0.9994495 0.000458736
"82" 1469.973821203 0.999810043 0.00045866
"83" 1469.994655001 0.9990712 0.000458844
"84" 1470.015488797 0.99957288 0.000458766
"85" 1470.036322592 0.999252346 0.000458848
"86" 1470.057156386 0.999491567 0.000458758
"87" 1470.077990179 0.999926409 0.000458679
"88" 1470.098823972 1.000641641 0.00045848
"89" 1470.119657764 1.000282649 0.00045851
"90" 1470.140491554 0.99933613 0.000458637
"91" 1470.161325343 0.999266688 0.000458686
"92" 1470.182159132 0.999050751 0.000458774
"93" 1470.20299292 1.000539382 0.000458486
"94" 1470.223826707 0.99950256 0.000458697
"95" 1470.244660492 0.99994883 0.000458604
"96" 1470.265494278 0.999600904 0.000458651
"97" 1470.286328062 1.000276477 0.000458453
"98" 1470.307161845 1.000277995 0.000458409
"99" 1470.327995627 1.000157099 0.000458444
"100" 1470.348829408 0.999872593 0.000458488
"101" 1470.369663188 1.001237273 0.000458189
"102" 1470.390496968 1.000228316 0.000458418
"103" 1470.411330746 0.99985736 0.000458541
"104" 1470.432164524 0.999918791 0.000458515
"105" 1470.452998301 0.999563072 0.000458547
"106" 1470.473832076 1.000391106 0.000458379
"107" 1470.494665851 0.999810379 0.00045849
"108" 1470.515499625 0.99994808 0.000458466
"109" 1470.536333398 0.999226675 0.000458643
"110" 1470.55716717 0.999764672 0.000458574
"111" 1470.578000941 1.000060502 0.000458541
"112" 1470.598834711 0.999061568 0.000458743
"113" 1470.61966848 0.999956778 0.000458483
"114" 1470.640502248 0.999751996 0.000458511
"115" 1470.661336016 1.000337177 0.000458401
"116" 1470.682169782 0.999281596 0.000458636
"117" 1470.703003548 0.999578358 0.000458576
"118" 1470.723837313 0.999839706 0.000458554
"119" 1470.744671076 1.000272774 0.000458469
"120" 1470.765504839 1.000230928 0.000458427
"121" 1470.786338601 1.000838736 0.000458312
"122" 1470.807172361 0.999547124 0.000458594
"123" 1470.828006121 1.000352924 0.000458392
"124" 1470.84883988 1.000353324 0.000458358
"125" 1470.869673638 0.999780442 0.000458364
"126" 1470.890507395 0.999565556 0.000458458
"127" 1470.911341152 0.999018501 0.000458604
"128" 1470.932174907 0.999675168 0.000458513
"129" 1470.953008662 0.999837655 0.000458449
"130" 1470.973842415 1.00106155 0.000458274
"131" 1470.994676168 0.99995912 0.000458477
"132" 1471.015509919 1.00019955 0.0004584
"133" 1471.03634367 0.999808892 0.000458438
"134" 1471.057177419 0.999882756 0.000458453
"135" 1471.078011169 0.999438939 0.000458547
"136" 1471.098844916 0.998401068 0.000458766
"137" 1471.119678663 0.998590902 0.000458734
"138" 1471.140512409 0.999164407 0.000458631
"139" 1471.161346154 0.999144637 0.000458716
"140" 1471.182179899 1.000256382 0.000458402
"141" 1471.203013642 1.000686165 0.000458346
"142" 1471.223847384 0.999844008 0.000458532
"143" 1471.244681125 0.999939467 0.000458503
"144" 1471.265514866 1.000252896 0.000458373
"145" 1471.286348605 1.000430194 0.000458402
"146" 1471.307182344 0.999715976 0.000458588
"147" 1471.328016082 1.000095712 0.000458515
"148" 1471.348849818 0.999897733 0.000458537
"149" 1471.369683554 0.99942442 0.000458647
"150" 1471.390517289 0.999264085 0.000458632
"151" 1471.411351023 0.99970058 0.000458497
"152" 1471.432184756 1.000012404 0.000458452
"153" 1471.453018488 1.000205493 0.00045845
"154" 1471.473852219 1.000066508 0.000458444
"155" 1471.494685949 0.999199358 0.000458629
"156" 1471.51544719867 NA NA
"157" 1471.536353407 1.000221497 0.000458595
"158" 1471.55711386533 NA NA
"159" 1471.57794719867 NA NA
"160" 1471.598780532 NA NA
"161" 1471.61961386533 NA NA
"162" 1471.64044719867 NA NA
"163" 1471.661280532 NA NA
"164" 1471.68211386533 NA NA
"165" 1471.70294719867 NA NA
"166" 1471.723780532 NA NA
"167" 1471.744690639 0.999689024 0.000458717
"168" 1471.765524357 0.999159485 0.00045877
"169" 1471.786358074 1.0004571 0.00045842
"170" 1471.80719179 1.000409625 0.00045851
"171" 1471.828025505 0.999367034 0.00045869
"172" 1471.84885922 1.000320983 0.000458425
"173" 1471.869692933 0.999767667 0.000458646
"174" 1471.890526645 0.999586031 0.000458658
"175" 1471.911360357 1.000112122 0.000458565
"176" 1471.932194067 0.999590808 0.000458678
"177" 1471.953027777 0.999717385 0.000458667
"178" 1471.973861486 1.000046622 0.000458536
"179" 1471.994695193 0.999820241 0.000458684
"180" 1472.0155289 0.999309522 0.00045876
"181" 1472.036362606 0.999684538 0.000458654
"182" 1472.057196311 0.999662163 0.000458647
"183" 1472.078030015 1.000449184 0.000458531
"184" 1472.098863718 0.99954462 0.000458703
"185" 1472.11969742 1.000046274 0.000458564
"186" 1472.140531121 1.000525808 0.000458483
"187" 1472.161364821 0.99937871 0.000458674
"188" 1472.18219852 1.000549994 0.000458412
"189" 1472.203032218 0.999984423 0.00045862
"190" 1472.223865916 0.998984313 0.000458831
"191" 1472.244699612 0.999567898 0.000458679
"192" 1472.265533307 0.998563839 0.000458935
"193" 1472.286367002 0.998872836 0.000458874
"194" 1472.307200695 1.00027604 0.000458497
"195" 1472.328034388 1.000046649 0.00045861
"196" 1472.348868079 1.000700627 0.000458397
"197" 1472.36970177 0.999791466 0.0004585
"198" 1472.39053546 1.000374719 0.000458456
"199" 1472.411369149 0.999270578 0.000458696
"200" 1472.432202836 1.000163412 0.000458462
"201" 1472.453036523 0.999175246 0.000458708
"202" 1472.473870209 0.999893373 0.000458567
"203" 1472.494703894 0.999911093 0.000458551
"204" 1472.515537578 0.999373094 0.000458638
"205" 1472.536371261 1.000288946 0.000458481
"206" 1472.557204943 0.999965059 0.000458491
"207" 1472.578038624 0.999147783 0.000458695
"208" 1472.598872304 1.000591198 0.000458414
"209" 1472.619705983 0.999982509 0.00045853
"210" 1472.640539662 0.999247255 0.000458671
"211" 1472.661373339 1.0000089 0.000458527
"212" 1472.682207015 0.999272966 0.00045866
"213" 1472.703040691 0.999755924 0.000458543
"214" 1472.723874365 1.000746593 0.000458416
"215" 1472.744708038 0.999809787 0.000458515
"216" 1472.76554171 1.000293881 0.000458421
"217" 1472.786375382 0.999661274 0.000458642
"218" 1472.807209053 0.999732699 0.000458652
"219" 1472.828042722 0.999846036 0.00045857
"220" 1472.848876391 0.999049812 0.000458778
"221" 1472.869710058 0.999203903 0.000458755
"222" 1472.890543725 0.999996603 0.00045848
"223" 1472.91137739 0.999809084 0.000458568
"224" 1472.932211055 1.000347542 0.000458446
"225" 1472.953044719 0.999994163 0.00045849
"226" 1472.973878382 1.000299727 0.000458491
"227" 1472.994712044 1.000884669 0.000458409
"228" 1473.015545704 0.999633849 0.000458589
"229" 1473.036379364 0.999400963 0.00045869
"230" 1473.057213023 0.999951444 0.000458559
"231" 1473.078046681 1.000210813 0.000458427
"232" 1473.098880337 0.999653035 0.000458558
"233" 1473.119713993 1.000188896 0.000458453
"234" 1473.140547649 0.999635278 0.000458518
"235" 1473.161381302 0.999785624 0.000458536
"236" 1473.182214955 0.999685028 0.000458607
"237" 1473.203048607 1.000004338 0.000458468
"238" 1473.223882258 1.000526433 0.000458429
"239" 1473.244715908 0.999444773 0.000458625
"240" 1473.265549557 0.999503231 0.00045855
"241" 1473.286383205 1.000340189 0.000458397
"242" 1473.307216852 1.000609823 0.000458341
"243" 1473.328050498 1.000226773 0.000458417
"244" 1473.348884143 0.998596257 0.000458834
"245" 1473.369717787 0.999589452 0.000458666
"246" 1473.39055143 0.999065277 0.000458739
"247" 1473.411385072 0.999106273 0.000458761
"248" 1473.432218713 0.998054206 0.000459005
"249" 1473.453052353 0.999609887 0.000458605
"250" 1473.473885992 0.99910888 0.000458747
"251" 1473.49471963 0.998898453 0.000458786
"252" 1473.515553268 1.001122034 0.000458312
"253" 1473.536386904 0.999072611 0.000458837
"254" 1473.557220539 1.00016423 0.000458594
"255" 1473.578054173 0.999329794 0.000458725
"256" 1473.598887806 1.00049856 0.000458501
"257" 1473.619721438 1.00002994 0.000458595
"258" 1473.640555069 1.000384278 0.000458434
"259" 1473.661388699 1.000437939 0.000458424
"260" 1473.682222328 0.99977631 0.000458571
"261" 1473.703055956 1.000905757 0.000458328
"262" 1473.723889582 0.999634604 0.000458618
"263" 1473.7447232 1.000433058 0.00045847
"264" 1473.765556825 0.999124603 0.000458714
"265" 1473.786390449 1.000435822 0.00045846
"266" 1473.807224072 1.000309308 0.000458451
"267" 1473.828057694 1.000192932 0.000458392
"268" 1473.848891314 1.000052943 0.000458477
"269" 1473.869724934 1.00019022 0.0004584
"270" 1473.890558553 0.999684289 0.00045852
"271" 1473.911392171 0.999519254 0.000458612
"272" 1473.932225787 1.000707527 0.000458373
"273" 1473.953059403 0.998968596 0.000458767
"274" 1473.973893018 0.999240256 0.000458725
"275" 1473.994726632 0.999900714 0.000458516
"276" 1474.015560244 0.999759438 0.000458586
"277" 1474.036393856 0.99928243 0.000458692
"278" 1474.057227466 0.9996182 0.000458601
"279" 1474.078061076 0.999353089 0.000458723
"280" 1474.098894684 1.000237843 0.000458574
"281" 1474.119728291 0.999832944 0.000458607
"282" 1474.140561898 1.000563304 0.000458519
"283" 1474.161395503 0.999745295 0.000458668
"284" 1474.182229107 0.999897336 0.000458589
"285" 1474.203062711 1.000125814 0.000458583
"286" 1474.223896313 0.999514473 0.000458652
"287" 1474.244729914 0.999679765 0.000458645
"288" 1474.265563514 1.000655319 0.000458528
"289" 1474.286397113 1.000184738 0.000458556
"290" 1474.307230711 0.999659177 0.000458672
"291" 1474.328064308 1.00036851 0.000458568
"292" 1474.348897903 0.999501929 0.000458633
"293" 1474.369731498 0.999739562 0.000458596
"294" 1474.390565092 1.000574425 0.000458427
"295" 1474.411398684 1.000043824 0.000458443
"296" 1474.432232276 1.000510776 0.000458427
"297" 1474.453065866 1.000297843 0.000458499
"298" 1474.473899456 1.000041698 0.000458527
"299" 1474.494733044 0.99936809 0.000458763
"300" 1474.515566631 0.999609123 0.000458715
"301" 1474.536400217 0.998428476 0.000458872
"302" 1474.557233802 0.999889991 0.000458616
"303" 1474.578067386 0.99968909 0.000458648
"304" 1474.598900969 0.999499089 0.00045858
"305" 1474.619734551 0.999862274 0.000458579
"306" 1474.64044719867 NA NA
"307" 1474.661401711 0.999867385 0.000458592
"308" 1474.68223529 0.999614801 0.000458762
"309" 1474.703068867 1.000010452 0.000458605
"310" 1474.723902443 0.999686938 0.000458655
"311" 1474.744736018 0.999950616 0.000458581
"312" 1474.765569592 0.999696676 0.00045853
"313" 1474.786403165 0.999997609 0.000458468
"314" 1474.80711386533 NA NA
"315" 1474.82794719867 NA NA
"316" 1474.848780532 NA NA
"317" 1474.86961386533 NA NA
"318" 1474.89044719867 NA NA
"319" 1474.911280532 NA NA
"320" 1474.93211386533 NA NA
"321" 1474.95294719867 NA NA
"322" 1474.973780532 NA NA
"323" 1474.99461386533 NA NA
"324" 1475.01544719867 NA NA
"325" 1475.036280532 NA NA
"326" 1475.057239511 1.000941525 0.000458408
"327" 1475.07794719867 NA NA
"328" 1475.098780532 NA NA
"329" 1475.11961386533 NA NA
"330" 1475.14044719867 NA NA
"331" 1475.161280532 NA NA
"332" 1475.18211386533 NA NA
"333" 1475.203074386 1.000184066 0.000458661
"334" 1475.223907936 0.999720652 0.000458757
"335" 1475.244741483 0.999228713 0.00045891
"336" 1475.26557503 1.00015482 0.00045873
"337" 1475.286408576 0.999589461 0.000458776
"338" 1475.30724212 0.999911443 0.000458753
"339" 1475.328075663 1.000293054 0.00045857
"340" 1475.348909205 1.000166647 0.000458587
"341" 1475.369742746 1.000161003 0.000458627
"342" 1475.390576285 0.999802315 0.000458609
"343" 1475.411409823 1.000863955 0.00045846
"344" 1475.43224336 1.000006235 0.000458616
"345" 1475.453076896 1.000216019 0.000458554
"346" 1475.473910431 0.998890956 0.000458906
"347" 1475.494743964 0.999631759 0.000458677
"348" 1475.515577497 0.999907906 0.000458583
"349" 1475.536411028 1.000149179 0.000458574
"350" 1475.557244558 1.000064103 0.000458533
"351" 1475.578078086 1.000264702 0.000458589
"352" 1475.598911614 0.9990823 0.000458863
"353" 1475.61974514 0.999688571 0.000458688
"354" 1475.640578665 1.000003824 0.000458656
"355" 1475.661412188 1.000226702 0.000458589
"356" 1475.682245711 0.999816904 0.000458677
"357" 1475.703079232 0.999473175 0.000458769
"358" 1475.723912752 0.99967633 0.000458639
"359" 1475.74474627 0.999561631 0.000458742
"360" 1475.765579788 0.999784467 0.000458755
"361" 1475.786413304 0.999808218 0.000458717
"362" 1475.807246819 0.999320907 0.000458896
"363" 1475.828080332 0.999896824 0.000458779
"364" 1475.848913845 0.999750648 0.000458709
"365" 1475.869747356 1.000895312 0.000458506
"366" 1475.890580866 1.000805467 0.000458448
"367" 1475.911414374 1.000106432 0.000458557
"368" 1475.932247881 0.999751348 0.00045872
"369" 1475.953081387 0.999903649 0.000458621
"370" 1475.973914892 1.000527956 0.000458562
"371" 1475.994748395 0.999669756 0.000458751
"372" 1476.015581897 1.000077716 0.000458597
"373" 1476.036415398 1.00010958 0.000458663
"374" 1476.057248897 0.999387081 0.00045872
"375" 1476.078082396 1.000294048 0.000458517
"376" 1476.098915892 0.999801567 0.000458624
"377" 1476.119749388 0.99975751 0.000458609
"378" 1476.140582882 0.999636156 0.000458676
"379" 1476.161416375 0.999797928 0.00045858
"380" 1476.182249867 1.00042095 0.000458536
"381" 1476.203083357 1.000331034 0.000458526
"382" 1476.223916846 0.999591585 0.000458649
"383" 1476.244750334 1.000162391 0.000458565
"384" 1476.26558382 0.999208383 0.000458698
"385" 1476.286417305 0.998656798 0.000458872
"386" 1476.307250789 0.998946952 0.000458858
"387" 1476.328084271 0.999004559 0.000458803
"388" 1476.348917753 0.999674458 0.000458772
"389" 1476.369751233 0.999214146 0.000458822
"390" 1476.390584711 0.999146197 0.000458827
"391" 1476.411418189 0.999096603 0.000458851
"392" 1476.432251665 0.999683552 0.000458637
"393" 1476.453085139 1.000455288 0.000458545
"394" 1476.473918613 1.00052947 0.0004585
"395" 1476.494752085 0.99988866 0.000458698
"396" 1476.515585556 0.999944205 0.000458704
"397" 1476.536419026 0.999855182 0.00045871
"398" 1476.557252494 1.000294171 0.000458685
"399" 1476.578085962 0.999750243 0.000458725
"400" 1476.598919428 1.000232614 0.000458632
"401" 1476.619752892 1.000140535 0.000458629
"402" 1476.640586356 0.999521065 0.000458685
"403" 1476.661419819 1.001233372 0.000458391
"404" 1476.68225328 0.99980189 0.000458665
"405" 1476.703086741 0.999726049 0.000458747
"406" 1476.7239202 1.000413468 0.000458669
"407" 1476.744753659 0.999814667 0.000458743
"408" 1476.765587116 1.000415217 0.000458692
"409" 1476.786420572 0.999849251 0.000458762
"410" 1476.807254027 0.999529142 0.000458853
"411" 1476.828087482 1.000271245 0.000458676
"412" 1476.848920936 0.999975977 0.000458709
"413" 1476.869754389 0.999831484 0.000458814
"414" 1476.890587841 0.998830289 0.000459027
"415" 1476.911421294 0.99937009 0.000458927
"416" 1476.932254745 0.999344964 0.000458994
"417" 1476.953088195 1.000109361 0.000458802
"418" 1476.973921646 1.000000899 0.000458864
"419" 1476.994755096 0.999859061 0.000458906
"420" 1477.01544719867 NA NA
"421" 1477.036280532 NA NA
"422" 1477.05711386533 NA NA
"423" 1477.07794719867 NA NA
"424" 1477.098780532 NA NA
"425" 1477.11961386533 NA NA
"426" 1477.14044719867 NA NA
"427" 1477.161280532 NA NA
"428" 1477.18211386533 NA NA
"429" 1477.20294719867 NA NA
"430" 1477.223780532 NA NA
"431" 1477.24461386533 NA NA
"432" 1477.26544719867 NA NA
"433" 1477.286280532 NA NA
"434" 1477.30711386533 NA NA
"435" 1477.32794719867 NA NA
"436" 1477.348780532 NA NA
"437" 1477.36961386533 NA NA
"438" 1477.39044719867 NA NA
"439" 1477.411280532 NA NA
"440" 1477.43211386533 NA NA
"441" 1477.45294719867 NA NA
"442" 1477.473780532 NA NA
"443" 1477.49461386533 NA NA
"444" 1477.51544719867 NA NA
"445" 1477.536280532 NA NA
"446" 1477.55711386533 NA NA
"447" 1477.57794719867 NA NA
"448" 1477.598780532 NA NA
"449" 1477.61961386533 NA NA
"450" 1477.64044719867 NA NA
"451" 1477.661280532 NA NA
"452" 1477.68211386533 NA NA
"453" 1477.70294719867 NA NA
"454" 1477.723780532 NA NA
"455" 1477.74461386533 NA NA
"456" 1477.76544719867 NA NA
"457" 1477.786280532 NA NA
"458" 1477.80711386533 NA NA
"459" 1477.82794719867 NA NA
"460" 1477.848780532 NA NA
"461" 1477.86961386533 NA NA
"462" 1477.89044719867 NA NA
"463" 1477.911280532 NA NA
"464" 1477.93211386533 NA NA
"465" 1477.95294719867 NA NA
"466" 1477.973780532 NA NA
"467" 1477.99461386533 NA NA
"468" 1478.01544719867 NA NA
"469" 1478.036280532 NA NA
"470" 1478.05711386533 NA NA
"471" 1478.07794719867 NA NA
"472" 1478.098780532 NA NA
"473" 1478.11976597 0.999249372 0.000458048
"474" 1478.140599608 1.000130918 0.000457905
"475" 1478.161433246 0.999559468 0.000458091
"476" 1478.182266885 0.999862598 0.000458191
"477" 1478.203100525 1.001289085 0.00045804
"478" 1478.223934165 0.999962895 0.000458355
"479" 1478.244767804 0.999506036 0.000458606
"480" 1478.265601445 0.999698499 0.000458639
"481" 1478.286435085 1.000319943 0.000458498
"482" 1478.307268725 1.000008158 0.000458661
"483" 1478.328102365 1.000579967 0.000458553
"484" 1478.348936005 0.99933593 0.000458819
"485" 1478.369769645 0.999538439 0.000458851
"486" 1478.390603284 0.999619754 0.000458764
"487" 1478.411436922 1.000098789 0.000458797
"488" 1478.432270561 1.000152779 0.000458773
"489" 1478.453104199 1.000465761 0.000458862
"490" 1478.473937836 1.000200851 0.000458696
"491" 1478.494771472 1.000575084 0.000458662
"492" 1478.515605108 1.000152446 0.000458801
"493" 1478.536438743 0.999747786 0.000458887
"494" 1478.557272378 0.999615045 0.00045905
"495" 1478.578106011 0.999253063 0.000459054
"496" 1478.598939644 0.998711405 0.000459163
"497" 1478.619773276 0.999626861 0.000458952
"498" 1478.640606907 0.999035218 0.000459089
"499" 1478.661440537 0.999795578 0.0004588
"500" 1478.682274166 0.999615829 0.000458858
"501" 1478.703107795 0.999470736 0.00045888
"502" 1478.723941422 0.999629017 0.000458815
"503" 1478.744775049 1.000375145 0.00045877
"504" 1478.765608674 0.999620313 0.000458862
"505" 1478.786442299 0.999940734 0.000458889
"506" 1478.807275922 1.000299588 0.000458801
"507" 1478.828109545 1.000409089 0.000458751
"508" 1478.848943166 1.000083384 0.00045877
"509" 1478.869776786 0.999591586 0.000458839
"510" 1478.890610406 1.00001309 0.0004588
"511" 1478.911444024 0.999933841 0.000458733
"512" 1478.932277641 1.000071222 0.000458757
"513" 1478.953111257 0.999521741 0.000458814
"514" 1478.973944872 0.999529558 0.000458866
"515" 1478.994778487 1.000347113 0.000458666
"516" 1479.015612099 0.999882697 0.000458842
"517" 1479.036445711 1.000174255 0.000458727
"518" 1479.057279322 0.999533698 0.000458818
"519" 1479.078112932 1.000831984 0.000458554
"520" 1479.09894654 0.999914298 0.000458696
"521" 1479.119780147 1.000240267 0.000458728
"522" 1479.140613754 0.999678038 0.000458691
"523" 1479.161447359 1.000300365 0.000458644
"524" 1479.182280966 0.999909598 0.000458673
"525" 1479.203114569 0.998313532 0.000458957
"526" 1479.223948171 0.999258812 0.00045881
"527" 1479.244781771 0.998620746 0.00045885
"528" 1479.265615371 0.999542153 0.000458703
"529" 1479.286448969 1.00045968 0.000458509
"530" 1479.307282567 0.999584218 0.000458768
"531" 1479.328116163 0.998824553 0.000458898
"532" 1479.348949758 0.999491591 0.00045882
"533" 1479.369783352 0.999850836 0.000458704
"534" 1479.390616945 0.999680442 0.000458661
"535" 1479.411450537 0.999888428 0.000458569
"536" 1479.432284127 0.999683465 0.000458551
"537" 1479.453117717 0.999210738 0.000458706
"538" 1479.473951305 0.999659098 0.000458588
"539" 1479.494784892 0.999931368 0.000458634
"540" 1479.515618479 1.000350198 0.000458498
"541" 1479.536452064 1.000206204 0.000458604
"542" 1479.557285648 1.000123978 0.000458589
"543" 1479.578119231 1.000534952 0.00045853
"544" 1479.598952812 0.999918543 0.00045864
"545" 1479.619786393 1.000146239 0.000458525
"546" 1479.640619972 1.000063055 0.000458589
"547" 1479.66145355 1.000621139 0.000458435
"548" 1479.682287128 1.000353181 0.000458575
"549" 1479.703120704 1.000161927 0.000458523
"550" 1479.723954279 0.999764978 0.000458756
"551" 1479.744787853 0.999151108 0.000458774
"552" 1479.765621426 0.999108945 0.000458881
"553" 1479.786454997 0.999095747 0.000458792
"554" 1479.807288568 0.999097821 0.000458803
"555" 1479.828122138 0.998915557 0.00045886
"556" 1479.848955706 0.9996887 0.000458679
"557" 1479.869789273 0.999759603 0.000458729
"558" 1479.89062284 1.000439156 0.000458538
"559" 1479.911456405 1.000304339 0.000458584
"560" 1479.932289969 0.999491755 0.000458642
"561" 1479.953123532 1.000312513 0.000458535
"562" 1479.973957094 0.999456559 0.000458651
"563" 1479.994790654 0.999835726 0.00045856
"564" 1480.015624214 1.000287439 0.000458496
"565" 1480.036457773 0.998995467 0.000458753
"566" 1480.05729133 0.999287121 0.000458741
"567" 1480.078124887 1.00009416 0.000458526
"568" 1480.098958442 0.999131508 0.000458829
"569" 1480.119791996 0.999650858 0.000458637
"570" 1480.140625549 0.998960116 0.0004588
"571" 1480.161459102 1.000440003 0.000458406
"572" 1480.182292653 1.000485684 0.00045844
"573" 1480.203126203 1.000368539 0.000458431
"574" 1480.223959751 0.99941791 0.000458637
"575" 1480.244793299 0.999618749 0.000458652
"576" 1480.265626846 0.999132883 0.000458766
"577" 1480.286460392 1.000207021 0.000458639
"578" 1480.307293937 0.999874164 0.000458602
"579" 1480.32812748 0.999777537 0.000458684
"580" 1480.348961023 0.999357139 0.000458663
"581" 1480.369794564 0.999368806 0.000458721
"582" 1480.390628105 0.999347264 0.000458682
"583" 1480.411461644 0.999679561 0.000458674
"584" 1480.432295182 1.000104101 0.000458555
"585" 1480.45312872 1.000427248 0.000458507
"586" 1480.473962256 1.000405635 0.000458558
"587" 1480.494795791 1.000168045 0.000458552
"588" 1480.515629325 0.999513085 0.00045871
"589" 1480.536462858 0.999934622 0.000458531
"590" 1480.55729639 0.999490711 0.00045868
"591" 1480.578129921 0.999592931 0.0004586
"592" 1480.598963451 1.000499329 0.000458484
"593" 1480.61979698 1.000036046 0.000458545
"594" 1480.640630508 1.000373981 0.000458496
"595" 1480.661464035 1.000111488 0.00045852
"596" 1480.682297561 0.999555693 0.000458624
"597" 1480.703131085 0.999951342 0.000458551
"598" 1480.723964609 1.000079302 0.000458499
"599" 1480.744798132 1.000440709 0.000458445
"600" 1480.765631654 1.000079156 0.000458483
"601" 1480.786465174 0.999646396 0.000458704
"602" 1480.807298694 0.999909764 0.000458637
"603" 1480.828132212 0.999778021 0.000458739
"604" 1480.84896573 0.997816818 0.000459068
"605" 1480.869799246 0.999191005 0.000458853
"606" 1480.890632762 0.999272136 0.000458697
"607" 1480.911466276 0.999588799 0.000458729
"608" 1480.93229979 0.998520807 0.000458801
"609" 1480.953133302 0.999305771 0.00045872
"610" 1480.973966814 1.000155203 0.000458533
"611" 1480.994800324 1.000041381 0.000458653
"612" 1481.015633833 0.999431122 0.000458746
"613" 1481.036467342 0.999892117 0.000458646
"614" 1481.057300849 1.000749707 0.000458494
"615" 1481.078134355 0.999148962 0.000458739
"616" 1481.098967861 1.000141891 0.000458583
"617" 1481.119801365 1.000636315 0.000458371
"618" 1481.140634869 0.999732404 0.000458659
"619" 1481.161468371 1.000167378 0.0004585
"620" 1481.182301872 0.999379626 0.000458779
"621" 1481.203135372 1.000079313 0.000458558
"622" 1481.223968872 1.000993363 0.000458449
"623" 1481.24480237 0.999234698 0.000458805
"624" 1481.265635868 0.999962702 0.000458655
"625" 1481.286280532 NA NA
"626" 1481.307302859 0.99994248 0.000458648
"627" 1481.328136353 1.000233097 0.000458631
"628" 1481.348969846 0.999682749 0.000458711
"629" 1481.369803339 0.999870478 0.000458747
"630" 1481.39063683 0.999394655 0.000458738
"631" 1481.411470321 0.999435506 0.000458775
"632" 1481.43230381 0.999783424 0.000458634
"633" 1481.453137298 1.000584492 0.000458516
"634" 1481.473970785 1.000301539 0.000458485
"635" 1481.494804272 0.999896458 0.000458597
"636" 1481.515637757 0.998148026 0.000458962
"637" 1481.536471242 0.999768256 0.000458694
"638" 1481.557304725 0.999850813 0.000458672
"639" 1481.578138207 0.999553485 0.000458745
"640" 1481.598971689 1.000290501 0.000458556
"641" 1481.619805169 1.000074684 0.000458589
"642" 1481.64044719867 NA NA
"643" 1481.661472127 1.000023544 0.000458433
"644" 1481.682305604 0.999472523 0.000458582
"645" 1481.703139081 1.000259642 0.00045836
"646" 1481.723972557 1.000391595 0.000458438
"647" 1481.744806031 0.999617295 0.00045855
"648" 1481.765639505 0.999761029 0.000458616
"649" 1481.786472977 1.000123396 0.000458482
"650" 1481.807306449 0.99938371 0.000458719
"651" 1481.82813992 0.999680493 0.000458568
"652" 1481.848973389 0.999476149 0.000458675
"653" 1481.869806858 0.999182141 0.000458664
"654" 1481.890640325 0.998653339 0.000458826
"655" 1481.911473792 1.000314321 0.000458432
"656" 1481.932307258 0.999982507 0.000458567
"657" 1481.953140722 0.999841256 0.000458615
"658" 1481.973974186 0.999605149 0.000458704
"659" 1481.994807649 0.999626098 0.000458645
"660" 1482.015641111 1.000391675 0.000458501
"661" 1482.036474572 1.000231968 0.000458536
"662" 1482.057308032 0.9998651 0.000458581
"663" 1482.07814149 0.999138796 0.000458758
"664" 1482.098974949 0.999327089 0.000458708
"665" 1482.119808405 0.999334983 0.000458741
"666" 1482.140641862 0.998854219 0.000458771
"667" 1482.161475317 0.999527954 0.000458672
"668" 1482.182308771 1.000024049 0.000458419
"669" 1482.203142224 1.001119179 0.000458297
"670" 1482.223975676 0.999582761 0.000458502
"671" 1482.244809127 1.000313153 0.000458498
"672" 1482.265642578 1.000139733 0.000458482
"673" 1482.286476027 1.000114736 0.000458568
"674" 1482.307309475 1.000245567 0.000458528
"675" 1482.328142923 1.000128051 0.000458571
"676" 1482.348976369 1.000950698 0.000458412
"677" 1482.369809814 1.000422548 0.000458478
"678" 1482.390643259 0.999534122 0.000458654
"679" 1482.411476702 1.000224381 0.000458435
"680" 1482.432310145 0.999686125 0.000458567
"681" 1482.453143586 0.999225696 0.000458621
"682" 1482.473977027 0.999867238 0.000458602
"683" 1482.494810467 0.999735863 0.000458603
"684" 1482.515643905 0.999502885 0.000458687
"685" 1482.536477343 0.999732756 0.000458599
"686" 1482.55731078 0.99907384 0.000458762
"687" 1482.578144216 0.999446456 0.00045859
"688" 1482.598977651 0.999910821 0.000458521
"689" 1482.619811085 0.99934166 0.000458586
"690" 1482.640644518 0.999531702 0.000458607
"691" 1482.66147795 0.999121925 0.000458636
"692" 1482.682311381 0.999434916 0.000458594
"693" 1482.703144811 0.999752755 0.000458487
"694" 1482.72397824 0.999952785 0.00045845
"695" 1482.744811669 1.000481058 0.000458297
"696" 1482.765645096 1.00084303 0.000458263
"697" 1482.786478522 1.000038832 0.000458361
"698" 1482.807311948 0.999048197 0.000458585
"699" 1482.828145372 0.999760138 0.000458448
"700" 1482.848978795 1.000422375 0.000458359
"701" 1482.869812218 1.000171846 0.000458386
"702" 1482.89064564 1.000162415 0.000458394
"703" 1482.91147906 1.000064419 0.000458379
"704" 1482.93231248 0.999456913 0.000458482
"705" 1482.953145899 0.999178681 0.000458532
"706" 1482.973979316 0.999681362 0.000458406
"707" 1482.994812733 1.000518478 0.000458255
"708" 1483.015646149 0.999737555 0.00045845
"709" 1483.036479564 1.000172482 0.000458401
"710" 1483.057312978 1.000409341 0.000458332
"711" 1483.078146391 1.000187066 0.000458413
"712" 1483.098979803 0.999398316 0.000458521
"713" 1483.119813214 1.000252664 0.000458382
"714" 1483.140646624 0.999599015 0.000458425
"715" 1483.161480034 0.999987524 0.000458365
"716" 1483.182313442 0.999513974 0.000458353
"717" 1483.203146849 0.999568593 0.000458482
"718" 1483.223980256 0.999150855 0.000458513
"719" 1483.244813661 1.000038009 0.000458423
"720" 1483.265647066 0.999728399 0.000458479
"721" 1483.28648047 0.999264536 0.000458583
"722" 1483.307313872 0.999344459 0.000458531
"723" 1483.328147274 1.000121006 0.000458362
"724" 1483.348980675 0.99959024 0.000458437
"725" 1483.369814074 0.999499161 0.000458473
"726" 1483.390647473 0.999401485 0.000458511
"727" 1483.411480871 1.000207873 0.000458365
"728" 1483.432314268 0.99948674 0.000458509
"729" 1483.453147664 0.999695789 0.000458473
"730" 1483.473981059 0.999988704 0.000458425
"731" 1483.494814453 0.99956583 0.000458448
"732" 1483.515647847 1.00054576 0.000458286
"733" 1483.536481239 1.000073067 0.000458327
"734" 1483.55731463 1.000340362 0.000458346
"735" 1483.57814802 0.999821457 0.000458389
"736" 1483.59898141 0.999815194 0.000458428
"737" 1483.619814798 1.000611909 0.000458245
"738" 1483.640648186 1.000398388 0.000458372
"739" 1483.661481573 0.999827822 0.000458424
"740" 1483.682314958 1.001280099 0.000458153
"741" 1483.703148343 0.999149215 0.000458505
"742" 1483.723981727 1.000308523 0.00045832
"743" 1483.74481511 0.99962904 0.000458404
"744" 1483.765648491 0.999573071 0.000458535
"745" 1483.786481873 0.999812358 0.000458411
"746" 1483.807315253 0.999789765 0.000458511
"747" 1483.828148632 0.998961207 0.000458601
"748" 1483.84898201 0.999365072 0.000458615
"749" 1483.869815387 1.000314969 0.000458288
"750" 1483.890648763 0.999979125 0.000458388
"751" 1483.911482139 1.00045287 0.000458199
"752" 1483.932315513 0.999583987 0.000458432
"753" 1483.953148887 0.999023784 0.000458521
"754" 1483.973982259 0.999905246 0.000458388
"755" 1483.994815631 1.000672304 0.000458195
"756" 1484.015649001 1.000342617 0.000458349
"757" 1484.036482371 1.000317684 0.000458313
"758" 1484.05731574 0.999272346 0.000458538
"759" 1484.078149107 0.999744644 0.00045843
"760" 1484.098982474 0.999417477 0.000458483
"761" 1484.11981584 1.000085777 0.000458382
"762" 1484.140649205 1.000054112 0.000458378
"763" 1484.161482569 0.999801075 0.000458505
"764" 1484.182315932 1.000113407 0.000458361
"765" 1484.203149294 0.999555013 0.000458553
"766" 1484.223982656 0.999745065 0.000458429
"767" 1484.244816016 1.000583486 0.000458259
"768" 1484.265649375 1.000343492 0.000458256
"769" 1484.286482733 0.999725672 0.000458443
"770" 1484.307316091 1.000097834 0.000458308
"771" 1484.328149447 0.999086257 0.000458625
"772" 1484.348982803 1.000035994 0.000458363
"773" 1484.369816158 0.999509376 0.000458619
"774" 1484.390649511 0.998157909 0.000458743
"775" 1484.411280532 NA NA
"776" 1484.432316216 0.998858296 0.000458503
"777" 1484.453149567 0.999936164 0.000458303
"778" 1484.473982917 1.000300181 0.000458149
"779" 1484.494816265 1.000303561 0.000458208
"780" 1484.515649614 0.999457295 0.000458404
"781" 1484.53648296 0.999918512 0.000458365
"782" 1484.557316306 0.999478978 0.000458466
"783" 1484.578149652 0.999658358 0.000458484
"784" 1484.598982996 0.999622952 0.000458474
"785" 1484.619816331 0.999192131 0.000458517
"786" 1484.640649673 1.000683264 0.000458274
"787" 1484.661483015 1.000559364 0.000458179
"788" 1484.682316355 0.999921949 0.000458398
"789" 1484.703149695 1.000116387 0.000458296
"790" 1484.723983033 1.000277254 0.000458373
"791" 1484.744816371 0.999441402 0.000458485
"792" 1484.765649708 1.000189348 0.000458415
"793" 1484.786483043 1.000247431 0.000458318
"794" 1484.807316378 0.999664943 0.000458521
"795" 1484.828149712 0.999594202 0.000458431
"796" 1484.848983045 0.999560163 0.000458525
"797" 1484.869816377 0.999697064 0.000458439
"798" 1484.890649708 0.998598673 0.00045872
"799" 1484.911483038 0.999752063 0.000458429
"800" 1484.932316367 0.999275267 0.000458548
"801" 1484.953149695 0.999595223 0.000458419
"802" 1484.973983022 1.000424293 0.000458283
"803" 1484.994816348 0.998488215 0.000458617
"804" 1485.015649674 0.999083454 0.000458475
"805" 1485.036482998 0.999553598 0.000458373
"806" 1485.057316321 0.998953252 0.000458522
"807" 1485.078149644 0.999971074 0.000458357
"808" 1485.098982966 0.999374038 0.000458503
"809" 1485.119816286 0.999846006 0.000458403
"810" 1485.140649606 1.000184026 0.00045835
"811" 1485.161482924 1.000319493 0.000458315
"812" 1485.182316242 1.000409579 0.00045822
"813" 1485.203149559 1.000147329 0.000458273
"814" 1485.223982875 0.999878284 0.000458298
"815" 1485.244816189 1.000219203 0.000458335
"816" 1485.265649503 0.999973493 0.000458367
"817" 1485.286482816 1.000306121 0.000458393
"818" 1485.307316128 1.000065725 0.000458409
"819" 1485.328149439 0.999828991 0.000458514
"820" 1485.348982749 0.999720214 0.000458452
"821" 1485.369816058 0.999030557 0.000458668
"822" 1485.390649366 1.000029646 0.000458364
"823" 1485.411482674 0.99985274 0.000458411
"824" 1485.43231598 1.000185446 0.000458269
"825" 1485.453149285 0.99895426 0.000458591
"826" 1485.47398259 0.999929122 0.00045834
"827" 1485.494815893 0.999990245 0.000458431
"828" 1485.515649195 0.998955871 0.000458556
"829" 1485.536482497 0.999798665 0.000458455
"830" 1485.557315797 1.000063109 0.000458275
"831" 1485.578149097 0.99960008 0.000458451
"832" 1485.598982396 0.999352304 0.000458401
"833" 1485.619815693 1.001431602 0.000458052
"834" 1485.64064899 0.999924047 0.000458294
"835" 1485.661482285 1.00027006 0.000458284
"836" 1485.68231558 0.999146945 0.000458435
"837" 1485.703148874 0.999956316 0.000458291
"838" 1485.723982167 0.999947113 0.000458236
"839" 1485.744815458 0.999708791 0.000458314
"840" 1485.765648749 0.99992738 0.00045826
"841" 1485.786482039 0.999837619 0.000458312
"842" 1485.807315328 0.999879146 0.000458326
"843" 1485.828148616 1.000324586 0.000458286
"844" 1485.848981903 1.000007872 0.000458344
"845" 1485.869815189 1.000527142 0.000458213
"846" 1485.890648474 1.000315449 0.000458308
"847" 1485.911481758 1.000158569 0.000458312
"848" 1485.932315041 1.000018791 0.000458285
"849" 1485.953148323 0.999369663 0.000458392
"850" 1485.973981604 1.000753799 0.000458136
"851" 1485.994814884 0.999411161 0.000458421
"852" 1486.015648163 1.000369504 0.000458282
"853" 1486.036481442 0.999288502 0.000458522
"854" 1486.057314719 0.99960034 0.000458469
"855" 1486.078147995 0.99960162 0.000458469
"856" 1486.098981271 0.998589225 0.000458645
"857" 1486.119814545 0.999459584 0.000458424
"858" 1486.140647818 0.998566493 0.000458587
"859" 1486.16148109 0.999384168 0.000458414
"860" 1486.182314362 0.999417454 0.000458423
"861" 1486.203147632 1.000395173 0.000458211
"862" 1486.223980901 1.00010275 0.000458309
"863" 1486.24481417 0.999760201 0.000458374
"864" 1486.265647437 0.999891455 0.000458385
"865" 1486.286480704 0.999222846 0.000458478
"866" 1486.307313969 0.999471312 0.000458448
"867" 1486.328147234 1.000431058 0.000458199
"868" 1486.348980497 1.000117745 0.000458333
"869" 1486.36981376 0.999495281 0.000458442
"870" 1486.390647021 0.999146722 0.000458648
"871" 1486.411480282 0.999611487 0.000458528
"872" 1486.432313541 1.000267265 0.00045835
"873" 1486.4531468 0.999781341 0.000458435
"874" 1486.473980057 1.000645305 0.000458257
"875" 1486.494813314 1.000912486 0.000458141
"876" 1486.515646569 0.999183578 0.000458506
"877" 1486.536479824 1.000207186 0.000458297
"878" 1486.557313078 1.00004602 0.000458359
"879" 1486.57814633 1.000073748 0.00045839
"880" 1486.598979581 1.000344298 0.000458328
"881" 1486.619812832 1.000074091 0.000458405
"882" 1486.640646082 0.999919783 0.000458425
"883" 1486.66147933 0.999791489 0.000458412
"884" 1486.682312578 0.999323242 0.000458493
"885" 1486.703145824 0.999272081 0.000458456
"886" 1486.72397907 0.999200304 0.000458527
"887" 1486.744812314 0.999390402 0.000458434
"888" 1486.765645558 0.999995133 0.000458403
"889" 1486.7864788 1.000634025 0.000458235
"890" 1486.807312042 0.999881492 0.000458426
"891" 1486.828145282 1.000762979 0.000458157
"892" 1486.848978522 0.999570346 0.000458452
"893" 1486.86981176 0.999664434 0.000458322
"894" 1486.890644998 0.999848604 0.00045835
"895" 1486.911478234 1.000409587 0.000458151
"896" 1486.932311469 1.000330088 0.000458274
"897" 1486.953144703 0.999996235 0.000458264
"898" 1486.973977937 0.999621877 0.000458423
"899" 1486.994811169 0.999936776 0.000458295
"900" 1487.0156444 0.999343058 0.000458493
"901" 1487.036477631 1.000191305 0.000458232
"902" 1487.05731086 0.999637865 0.000458389
"903" 1487.078144088 0.99998122 0.000458235
"904" 1487.098977315 0.999890107 0.000458345
"905" 1487.119810541 0.99898579 0.000458484
"906" 1487.140643767 0.999976478 0.000458351
"907" 1487.161476991 0.998759866 0.000458578
"908" 1487.182310214 1.000301859 0.000458323
"909" 1487.203143436 0.99933735 0.000458453
"910" 1487.223976657 0.999908879 0.000458343
"911" 1487.244809877 0.999135917 0.000458405
"912" 1487.265643095 0.99952102 0.000458358
"913" 1487.286476313 0.999451397 0.00045833
"914" 1487.30730953 0.999174052 0.000458485
"915" 1487.328142746 0.999596972 0.000458343
"916" 1487.34897596 1.000139165 0.000458292
"917" 1487.369809174 1.000219582 0.000458239
"918" 1487.390642387 1.000674541 0.000458208
"919" 1487.411475598 1.000340862 0.000458189
"920" 1487.432308809 0.999872771 0.000458323
"921" 1487.453142018 1.000460447 0.000458156
"922" 1487.473975226 0.999823559 0.000458332
"923" 1487.494808434 1.000285766 0.000458239
"924" 1487.51564164 1.000159054 0.000458374
"925" 1487.536280532 NA NA
"926" 1487.557308049 1.000124597 0.00045838
"927" 1487.578141252 0.999991013 0.000458363
"928" 1487.598974454 1.000147357 0.000458378
"929" 1487.619807655 0.999439128 0.000458426
"930" 1487.640640855 0.999783397 0.000458394
"931" 1487.661474053 0.999760538 0.000458324
"932" 1487.682307251 0.999435322 0.000458484
"933" 1487.703140448 1.000030979 0.000458283
"934" 1487.723973643 0.999623574 0.000458471
"935" 1487.744806837 0.999688974 0.000458365
"936" 1487.76564003 0.9999631 0.000458374
"937" 1487.786473223 1.000041006 0.000458269
"938" 1487.807306414 1.000458515 0.000458253
"939" 1487.828139604 0.999499823 0.000458351
"940" 1487.848972793 0.999269768 0.00045848
"941" 1487.869805981 1.000328247 0.000458212
"942" 1487.890639167 0.999544464 0.000458445
"943" 1487.911472353 0.999549709 0.00045836
"944" 1487.932305537 1.000177042 0.000458287
"945" 1487.953138721 0.999661914 0.000458266
"946" 1487.973971903 1.000231777 0.000458228
"947" 1487.994805084 1.000253253 0.000458083
"948" 1488.015638264 1.000001236 0.000458203
"949" 1488.036471443 0.999786121 0.000458208
"950" 1488.057304621 0.999426624 0.000458419
"951" 1488.078137798 1.000015962 0.000458232
"952" 1488.098970973 0.99964091 0.000458418
"953" 1488.119804148 0.99998325 0.000458261
"954" 1488.140637321 0.998984968 0.000458583
"955" 1488.161470493 0.999854701 0.000458231
"956" 1488.182303664 1.000226692 0.000458222
"957" 1488.203136834 0.99976878 0.000458225
"958" 1488.223970003 1.000099118 0.000458229
"959" 1488.24480317 1.000104685 0.000458185
"960" 1488.265636337 0.999796205 0.000458361
"961" 1488.286469502 0.999985634 0.000458222
"962" 1488.307302666 0.999512553 0.000458433
"963" 1488.328135829 0.999875293 0.000458252
"964" 1488.348968991 1.000102822 0.000458306
"965" 1488.369802151 1.000335356 0.000458148
"966" 1488.390635311 0.999212145 0.000458433
"967" 1488.411468469 1.000299835 0.000458164
"968" 1488.432301626 0.999698263 0.000458359
"969" 1488.453134782 0.999715522 0.000458267
"970" 1488.473967937 0.999476384 0.000458388
"971" 1488.494801091 0.999818903 0.000458213
"972" 1488.515634243 1.000262924 0.000458203
"973" 1488.536467394 0.998958273 0.000458367
"974" 1488.557300544 1.00006336 0.00045821
"975" 1488.578133693 0.999910452 0.000458184
"976" 1488.59896684 1.000264072 0.00045821
"977" 1488.619799987 1.000219884 0.000458184
"978" 1488.640633132 1.000069741 0.000458256
"979" 1488.661466276 0.999505672 0.000458339
"980" 1488.682299419 0.999504616 0.000458375
"981" 1488.70313256 0.999901896 0.000458203
"982" 1488.7239657 0.999266587 0.000458383
"983" 1488.744798839 1.000348083 0.000458073
"984" 1488.765631977 0.999705135 0.000458288
"985" 1488.786465114 0.999784808 0.000458222
"986" 1488.807298249 1.00024304 0.000458233
"987" 1488.828131383 0.999703435 0.000458271
"988" 1488.848964516 1.000239136 0.000458243
"989" 1488.869797647 0.998791798 0.000458505
"990" 1488.890630778 1.000596766 0.000458131
"991" 1488.911463907 1.000566563 0.000458066
"992" 1488.932297035 1.000218063 0.000458146
"993" 1488.953130161 0.99932473 0.000458275
"994" 1488.973963287 0.998928554 0.000458409
"995" 1488.994796411 1.000073687 0.000458172
"996" 1489.015629534 0.999291542 0.000458346
"997" 1489.036462655 0.998129753 0.000458575
"998" 1489.057295775 0.999143113 0.000458377
"999" 1489.078128894 0.999349457 0.000458309
"1000" 1489.098962012 0.999862991 0.000458191
"1001" 1489.119795128 0.999586891 0.000458249
"1002" 1489.140628243 1.0002474 0.000458111
"1003" 1489.161461357 1.00026028 0.000458165
"1004" 1489.182294469 1.000166988 0.000458173
"1005" 1489.20312758 1.000046882 0.000458221
"1006" 1489.223960689 0.998897066 0.000458455
"1007" 1489.244793798 0.999920009 0.000458293
"1008" 1489.265626905 0.999985938 0.000458172
"1009" 1489.28646001 0.998858493 0.000458464
"1010" 1489.307293115 0.999075918 0.000458353
"1011" 1489.328126218 1.000481409 0.000458127
"1012" 1489.34895932 0.99905719 0.000458406
"1013" 1489.36979242 0.999754313 0.000458357
"1014" 1489.390625519 0.999093344 0.000458421
"1015" 1489.411458616 0.999851735 0.000458348
"1016" 1489.432291713 1.000478234 0.000458155
"1017" 1489.453124808 1.00036921 0.000458155
"1018" 1489.473957901 0.999317446 0.000458373
"1019" 1489.494790994 1.00027238 0.000458132
"1020" 1489.515624085 0.999717552 0.000458284
"1021" 1489.536457174 0.998969607 0.00045842
"1022" 1489.557290262 1.00024607 0.000458227
"1023" 1489.578123349 0.999058534 0.000458448
"1024" 1489.598956434 0.999739672 0.000458382
"1025" 1489.619789518 0.998845824 0.00045851
"1026" 1489.640622601 0.999581826 0.000458436
"1027" 1489.661455682 0.999041738 0.000458465
"1028" 1489.682288762 0.999820519 0.00045832
"1029" 1489.703121841 1.000743845 0.000458039
"1030" 1489.723954918 1.000652844 0.000458189
"1031" 1489.744787994 0.999166042 0.000458482
"1032" 1489.765621068 1.000472474 0.000458306
"1033" 1489.786454141 1.000316113 0.000458251
"1034" 1489.807287214 0.999967509 0.000458402
"1035" 1489.828120284 1.000182392 0.000458258
"1036" 1489.848953353 1.000024011 0.000458401
"1037" 1489.869786421 0.99953086 0.000458396
"1038" 1489.890619488 1.000532857 0.000458271
"1039" 1489.911452553 0.999715517 0.000458436
"1040" 1489.932285617 0.999916322 0.00045843
"1041" 1489.95311868 0.999495002 0.000458466
"1042" 1489.973951742 0.999933535 0.000458408
"1043" 1489.994784803 0.9992185 0.00045851
"1044" 1490.015617862 1.000442804 0.000458291
"1045" 1490.03645092 0.999706052 0.000458411
"1046" 1490.05711386533 NA NA
"1047" 1490.07794719867 NA NA
"1048" 1490.098780532 NA NA
"1049" 1490.11961386533 NA NA
"1050" 1490.14044719867 NA NA
"1051" 1490.161280532 NA NA
"1052" 1490.18211386533 NA NA
"1053" 1490.20294719867 NA NA
"1054" 1490.223780532 NA NA
"1055" 1490.24461386533 NA NA
"1056" 1490.26544719867 NA NA
"1057" 1490.286280532 NA NA
"1058" 1490.30711386533 NA NA
"1059" 1490.32794719867 NA NA
"1060" 1490.348780532 NA NA
"1061" 1490.36961386533 NA NA
"1062" 1490.39044719867 NA NA
"1063" 1490.411280532 NA NA
"1064" 1490.43211386533 NA NA
"1065" 1490.45294719867 NA NA
"1066" 1490.473780532 NA NA
"1067" 1490.49461386533 NA NA
"1068" 1490.51544719867 NA NA
"1069" 1490.536280532 NA NA
"1070" 1490.55711386533 NA NA
"1071" 1490.57794719867 NA NA
"1072" 1490.598780532 NA NA
"1073" 1490.61961386533 NA NA
"1074" 1490.64044719867 NA NA
"1075" 1490.661280532 NA NA
"1076" 1490.68211386533 NA NA
"1077" 1490.70294719867 NA NA
"1078" 1490.723780532 NA NA
"1079" 1490.74461386533 NA NA
"1080" 1490.76544719867 NA NA
"1081" 1490.786280532 NA NA
"1082" 1490.80711386533 NA NA
"1083" 1490.82794719867 NA NA
"1084" 1490.848780532 NA NA
"1085" 1490.86961386533 NA NA
"1086" 1490.89044719867 NA NA
"1087" 1490.911280532 NA NA
"1088" 1490.93211386533 NA NA
"1089" 1490.95294719867 NA NA
"1090" 1490.973780532 NA NA
"1091" 1490.99461386533 NA NA
"1092" 1491.01544719867 NA NA
"1093" 1491.036280532 NA NA
"1094" 1491.05711386533 NA NA
"1095" 1491.07794719867 NA NA
"1096" 1491.098780532 NA NA
"1097" 1491.11961386533 NA NA
"1098" 1491.14044719867 NA NA
"1099" 1491.161280532 NA NA
"1100" 1491.18211386533 NA NA
"1101" 1491.20294719867 NA NA
"1102" 1491.223780532 NA NA
"1103" 1491.24461386533 NA NA
"1104" 1491.26544719867 NA NA
"1105" 1491.286280532 NA NA
"1106" 1491.30711386533 NA NA
"1107" 1491.32794719867 NA NA
"1108" 1491.348780532 NA NA
"1109" 1491.36961386533 NA NA
"1110" 1491.39044719867 NA NA
"1111" 1491.411280532 NA NA
"1112" 1491.43211386533 NA NA
"1113" 1491.45294719867 NA NA
"1114" 1491.473780532 NA NA
"1115" 1491.49461386533 NA NA
"1116" 1491.51544719867 NA NA
"1117" 1491.536280532 NA NA
"1118" 1491.55711386533 NA NA
"1119" 1491.57794719867 NA NA
"1120" 1491.598780532 NA NA
"1121" 1491.61961386533 NA NA
"1122" 1491.64044719867 NA NA
"1123" 1491.661280532 NA NA
"1124" 1491.68211386533 NA NA
"1125" 1491.70294719867 NA NA
"1126" 1491.723780532 NA NA
"1127" 1491.74461386533 NA NA
"1128" 1491.76544719867 NA NA
"1129" 1491.786280532 NA NA
"1130" 1491.80711386533 NA NA
"1131" 1491.82794719867 NA NA
"1132" 1491.848780532 NA NA
"1133" 1491.869764776 0.999269728 0.000503075
"1134" 1491.890598342 0.998961649 0.000503069
"1135" 1491.911431906 0.998696616 0.00050309
"1136" 1491.93226547 0.998377791 0.000503159
"1137" 1491.953099034 0.999530287 0.000502861
"1138" 1491.973932596 1.000144669 0.000502684
"1139" 1491.994766157 1.000927826 0.000502519
"1140" 1492.015599718 1.000082834 0.000502763
"1141" 1492.036433277 0.99946212 0.000502917
"1142" 1492.057266835 0.999435197 0.00050285
"1143" 1492.078100393 1.000718312 0.000502501
"1144" 1492.098933949 1.000693601 0.000502473
"1145" 1492.119767506 1.000419043 0.000502556
"1146" 1492.14060106 0.999562856 0.00050283
"1147" 1492.161434614 0.99970699 0.000502768
"1148" 1492.182268166 1.000774561 0.000502589
"1149" 1492.203101718 1.00077641 0.000502556
"1150" 1492.223935269 1.001227643 0.000502452
"1151" 1492.244768818 0.999554057 0.000502787
"1152" 1492.26544719867 NA NA
"1153" 1492.286435914 1.000023264 0.00050269
"1154" 1492.30726946 0.999829634 0.000502695
"1155" 1492.328103006 1.000520205 0.000502593
"1156" 1492.34893655 1.000000931 0.000502733
"1157" 1492.369770094 0.999199614 0.000502929
"1158" 1492.390603636 0.999941912 0.000502777
"1159" 1492.411437178 1.000077295 0.000502662
"1160" 1492.432270717 0.998653559 0.000503003
"1161" 1492.453104257 0.999284412 0.000502845
"1162" 1492.473937795 0.999069525 0.000502793
"1163" 1492.494771332 0.998813993 0.000502825
"1164" 1492.515604868 0.999206001 0.000502808
"1165" 1492.536438402 0.999361805 0.000502698
"1166" 1492.557271937 0.998757472 0.000502886
"1167" 1492.578105469 0.999286693 0.000502731
"1168" 1492.598939001 1.000149875 0.000502524
"1169" 1492.619772531 1.000195679 0.000502549
"1170" 1492.640606061 1.00000679 0.000502575
"1171" 1492.661439589 0.999599404 0.000502716
"1172" 1492.682273117 1.000240493 0.000502454
"1173" 1492.703106643 1.000213972 0.00050255
"1174" 1492.723940168 1.000581001 0.00050241
"1175" 1492.744773692 1.000384049 0.000502527
"1176" 1492.765607215 0.998935921 0.000502885
"1177" 1492.786440737 0.999392816 0.000502765
"1178" 1492.807274258 0.999871204 0.000502565
"1179" 1492.828107778 0.999797502 0.000502661
"1180" 1492.848941297 0.999701513 0.000502563
"1181" 1492.869774815 0.999646959 0.000502673
"1182" 1492.890608331 1.000736338 0.00050242
"1183" 1492.911441847 0.999742992 0.000502704
"1184" 1492.932275362 1.000489707 0.000502535
"1185" 1492.953108875 1.000266167 0.000502631
"1186" 1492.973942388 1.000024526 0.000502608
"1187" 1492.994775899 0.999133995 0.00050283
"1188" 1493.015609409 1.000107947 0.000502564
"1189" 1493.036442919 1.000135275 0.000502571
"1190" 1493.057276427 0.999187376 0.000502819
"1191" 1493.078109934 0.999612438 0.000502715
"1192" 1493.09894344 0.999655316 0.000502786
"1193" 1493.119776945 0.999583718 0.000502779
"1194" 1493.140610449 1.000041856 0.000502618
"1195" 1493.161443952 0.999262836 0.000502813
"1196" 1493.182277454 0.999765097 0.000502632
"1197" 1493.203110954 0.999898404 0.000502652
"1198" 1493.223944454 0.999468973 0.000502741
"1199" 1493.244777953 1.000525185 0.000502594
"1200" 1493.265611451 0.999847301 0.000502632
"1201" 1493.286444947 0.999557404 0.000502749
"1202" 1493.307278443 1.001288197 0.000502353
"1203" 1493.328111937 0.99988789 0.000502678
"1204" 1493.348945431 1.000025989 0.000502632
"1205" 1493.369778923 1.000590389 0.000502472
"1206" 1493.390612414 0.999317138 0.000502788
"1207" 1493.411445905 0.99950034 0.000502729
"1208" 1493.432279394 1.00001833 0.000502612
"1209" 1493.453112882 0.999125935 0.000502831
"1210" 1493.473946369 0.999787969 0.000502672
"1211" 1493.494779856 1.000267359 0.00050259
"1212" 1493.515613341 0.999803153 0.000502682
"1213" 1493.536446825 0.999577612 0.000502763
"1214" 1493.557280308 0.999652674 0.000502698
"1215" 1493.57811379 0.999614023 0.00050266
"1216" 1493.598947271 1.000087806 0.000502521
"1217" 1493.619780751 0.999104405 0.000502752
"1218" 1493.64061423 0.99956061 0.000502673
"1219" 1493.661447708 0.999936631 0.000502617
"1220" 1493.682281185 1.000181253 0.000502571
"1221" 1493.703114661 0.99933743 0.000502804
"1222" 1493.723948136 0.999834421 0.000502605
"1223" 1493.74478161 1.000412032 0.000502487
"1224" 1493.765615083 1.000141798 0.000502544
"1225" 1493.786448554 0.999865089 0.000502573
"1226" 1493.807282025 1.000297145 0.000502502
"1227" 1493.828115495 0.999869706 0.000502645
"1228" 1493.848948964 0.999692035 0.000502681
"1229" 1493.869782432 0.99998359 0.000502658
"1230" 1493.890615899 0.999268659 0.000502758
"1231" 1493.911280532 NA NA
"1232" 1493.932282829 0.999828197 0.000502581
"1233" 1493.953116293 1.000298516 0.000502389
"1234" 1493.973780532 NA NA
"1235" 1493.99461386533 NA NA
"1236" 1494.01544719867 NA NA
"1237" 1494.036280532 NA NA
"1238" 1494.057283597 0.998429967 0.000502985
"1239" 1494.078117054 1.00024266 0.000502605
"1240" 1494.098950511 0.999815357 0.00050271
"1241" 1494.119783966 0.99976061 0.000502677
"1242" 1494.140617421 0.99943093 0.000502775
"1243" 1494.161450875 0.999931452 0.000502639
"1244" 1494.182284328 0.999784261 0.000502724
"1245" 1494.20311778 1.000030367 0.0005027
"1246" 1494.22395123 0.999925706 0.000502782
"1247" 1494.24478468 1.000066609 0.000502769
"1248" 1494.265618129 0.999463353 0.00050293
"1249" 1494.286451576 0.999726138 0.000502812
"1250" 1494.307285023 1.000144776 0.000502664
"1251" 1494.328118469 0.999918525 0.000502734
"1252" 1494.348951914 0.999837954 0.000502746
"1253" 1494.369785357 0.99963745 0.000502833
"1254" 1494.3906188 1.000314329 0.000502689
"1255" 1494.411452242 0.999898658 0.000502823
"1256" 1494.432285683 1.000208599 0.000502787
"1257" 1494.453119123 0.999188015 0.000503023
"1258" 1494.473952561 0.999915995 0.000502809
"1259" 1494.494785995 1.000247774 0.00050269
"1260" 1494.515619432 0.999317568 0.000502908
"1261" 1494.536452868 1.000410769 0.000502686
"1262" 1494.557286302 1.000315873 0.000502741
"1263" 1494.578119736 0.999973111 0.00050286
"1264" 1494.59895317 0.999912408 0.000502944
"1265" 1494.619786601 1.000732592 0.000502745
"1266" 1494.640620033 0.999182689 0.000503136
"1267" 1494.661453463 1.000261106 0.000502817
"1268" 1494.682286892 0.999745401 0.000502913
"1269" 1494.70312032 0.999731172 0.00050291
"1270" 1494.723953747 0.999083972 0.000503107
"1271" 1494.744787173 0.999727739 0.000502972
"1272" 1494.765620598 0.999224946 0.000503139
"1273" 1494.786454022 0.999458983 0.000503145
"1274" 1494.80711386533 NA NA
"1275" 1494.828120868 0.999358919 0.000503239
"1276" 1494.848954289 0.999688024 0.000503056
"1277" 1494.869787709 0.99978891 0.000503025
"1278" 1494.890621129 1.000104455 0.000502985
"1279" 1494.911454547 0.999681063 0.000503079
"1280" 1494.932287964 1.000491305 0.000502941
"1281" 1494.95312138 1.000286224 0.000502963
"1282" 1494.973954796 0.999766866 0.000503144
"1283" 1494.99478821 1.000139949 0.000503023
"1284" 1495.015621624 0.999870561 0.000503053
"1285" 1495.036455037 0.999499302 0.000503109
"1286" 1495.057288448 1.000279871 0.000502939
"1287" 1495.078121859 0.999712483 0.000503049
"1288" 1495.098955269 0.999836118 0.000503033
"1289" 1495.119788677 1.000352556 0.000502942
"1290" 1495.140622085 0.999880943 0.000503065
"1291" 1495.161455492 1.000519501 0.000502945
"1292" 1495.182288898 0.999717362 0.000503169
"1293" 1495.203122303 0.999373699 0.000503225
"1294" 1495.223955706 0.999909825 0.000503056
"1295" 1495.244789109 1.000083133 0.00050303
"1296" 1495.265622511 0.999823177 0.000503075
"1297" 1495.286455912 0.999463617 0.000503182
"1298" 1495.307289312 1.000133435 0.000503069
"1299" 1495.328122712 1.000326865 0.000503
"1300" 1495.34895611 0.998860903 0.000503411
"1301" 1495.369789507 0.999574654 0.000503252
"1302" 1495.390622903 0.999583644 0.000503218
"1303" 1495.411456298 0.999487881 0.000503194
"1304" 1495.43211386533 NA NA
"1305" 1495.453123086 1.000198717 0.000502946
"1306" 1495.473956479 1.000029571 0.000502994
"1307" 1495.49478987 0.999352981 0.00050323
"1308" 1495.515623261 1.000319894 0.000503037
"1309" 1495.53645665 0.999685377 0.000503255
"1310" 1495.557290039 0.999773059 0.000503236
"1311" 1495.578123426 0.999207816 0.000503326
"1312" 1495.598956813 0.999211826 0.000503312
"1313" 1495.619790199 1.000390928 0.000502983
"1314" 1495.640623584 0.999172986 0.000503284
"1315" 1495.661456968 0.999814228 0.000503144
"1316" 1495.682290351 0.999366647 0.000503271
"1317" 1495.703123732 0.999501062 0.000503251
"1318" 1495.723957113 0.99997172 0.00050313
"1319" 1495.744790494 1.00013511 0.000503068
"1320" 1495.765623873 0.999910739 0.00050313
"1321" 1495.786457251 0.999943884 0.000503054
"1322" 1495.807290628 0.999548683 0.000503095
"1323" 1495.828124005 0.999648598 0.000503088
"1324" 1495.84895738 1.000146973 0.00050301
"1325" 1495.869790754 0.999243411 0.000503266
"1326" 1495.890624127 1.000047869 0.000503101
"1327" 1495.9114575 1.000421519 0.000502986
"1328" 1495.932290871 0.999311019 0.000503304
"1329" 1495.953124242 1.000019182 0.00050308
"1330" 1495.973957612 1.000373262 0.000502959
"1331" 1495.99479098 1.000141747 0.000502924
"1332" 1496.015624348 0.99954606 0.000503035
"1333" 1496.036457715 0.999318469 0.00050311
"1334" 1496.057291081 0.999227315 0.000503126
"1335" 1496.078124446 0.999608655 0.000503111
"1336" 1496.09895781 1.000017827 0.00050299
"1337" 1496.119791173 0.999152268 0.000503212
"1338" 1496.140624535 0.999716492 0.000503082
"1339" 1496.161457896 1.000843732 0.00050278
"1340" 1496.182291256 1.000530345 0.000502851
"1341" 1496.203124616 0.999220519 0.00050318
"1342" 1496.223957974 0.99902515 0.000503209
"1343" 1496.244791331 1.000135465 0.000502995
"1344" 1496.265624688 0.999284055 0.000503232
"1345" 1496.286458043 1.000108807 0.000503101
"1346" 1496.307291398 0.99880826 0.000503337
"1347" 1496.328124751 1.00015275 0.000502989
"1348" 1496.348958104 1.00015478 0.000502974
"1349" 1496.369791456 0.999455649 0.000503161
"1350" 1496.390624807 0.999439395 0.000503155
"1351" 1496.411458156 1.000545481 0.00050288
"1352" 1496.432291505 1.000690767 0.000502936
"1353" 1496.453124853 0.999408167 0.000503241
"1354" 1496.4739582 0.99953936 0.000503273
"1355" 1496.494791546 0.999272853 0.000503349
"1356" 1496.515624892 0.998690881 0.000503448
"1357" 1496.536458236 0.998524605 0.000503441
"1358" 1496.557291579 0.999958103 0.000503112
"1359" 1496.578124921 0.9991837 0.000503297
"1360" 1496.598958263 1.000195668 0.000503064
"1361" 1496.619791603 0.999338275 0.000503359
"1362" 1496.640624942 0.999941115 0.000503228
"1363" 1496.661458281 1.000410446 0.000503194
"1364" 1496.682291619 1.000257466 0.00050321
"1365" 1496.703124955 0.999953821 0.00050326
"1366" 1496.723958291 1.000331956 0.000503125
"1367" 1496.744791626 0.999449023 0.000503345
"1368" 1496.76562496 1.000634328 0.000503062
"1369" 1496.786458293 0.999450544 0.000503356
"1370" 1496.807291625 1.000390913 0.000503156
"1371" 1496.828124955 0.999432445 0.000503416
"1372" 1496.848958286 0.999168046 0.000503498
"1373" 1496.869791615 0.999759724 0.000503311
"1374" 1496.890624943 1.000521746 0.000503073
"1375" 1496.91145827 0.999903579 0.000503226
"1376" 1496.932291596 1.000199705 0.000503183
"1377" 1496.953124922 0.999918897 0.000503213
"1378" 1496.973958247 0.999735078 0.000503304
"1379" 1496.99479157 0.999961817 0.000503258
"1380" 1497.015624893 1.000254959 0.000503248
"1381" 1497.036458214 0.999086167 0.000503554
"1382" 1497.057291535 0.999981212 0.00050326
"1383" 1497.078124855 0.998950595 0.00050351
"1384" 1497.098958173 0.997578421 0.000503852
"1385" 1497.119791491 0.999206537 0.000503413
"1386" 1497.140624808 0.998830828 0.000503482
"1387" 1497.161458124 0.998901843 0.000503516
"1388" 1497.182291439 1.000417982 0.000503148
"1389" 1497.203124753 0.999389831 0.000503463
"1390" 1497.223958067 1.000120388 0.000503336
"1391" 1497.244791379 0.999084605 0.000503569
"1392" 1497.26562469 0.999847028 0.000503337
"1393" 1497.286458 1.00032422 0.000503217
"1394" 1497.30729131 0.999892919 0.000503309
"1395" 1497.328124618 0.999031323 0.000503531
"1396" 1497.348957921 1.000377557 0.000503209
"1397" 1497.369791228 1.000518789 0.000503229
"1398" 1497.390624533 1.000071249 0.000503406
"1399" 1497.411457838 1.00019702 0.000503357
"1400" 1497.432291142 1.00020732 0.000503341
"1401" 1497.453124445 0.99988198 0.00050342
"1402" 1497.473957746 0.999993791 0.000503368
"1403" 1497.494791047 0.999580396 0.000503445
"1404" 1497.515624347 0.999974895 0.000503321
"1405" 1497.536457646 0.999938843 0.000503379
"1406" 1497.557290944 0.999946735 0.000503446
"1407" 1497.578124242 1.000370119 0.000503345
"1408" 1497.598957538 0.999449757 0.000503588
"1409" 1497.619790833 0.999907681 0.000503453
"1410" 1497.640624127 0.999421886 0.000503593
"1411" 1497.661457421 0.999703967 0.000503458
"1412" 1497.682290713 0.999866144 0.000503401
"1413" 1497.703124004 0.999261357 0.000503533
"1414" 1497.723957295 0.999752637 0.000503467
"1415" 1497.744790585 1.000279722 0.000503359
"1416" 1497.765623873 1.000521226 0.000503296
"1417" 1497.786457161 0.999517831 0.000503569
"1418" 1497.807290447 0.999553828 0.000503546
"1419" 1497.828123733 1.000038164 0.000503388
"1420" 1497.848957018 0.99926111 0.00050354
"1421" 1497.869790302 1.000287892 0.000503297
"1422" 1497.890623585 1.000112861 0.000503317
"1423" 1497.911456867 0.99951184 0.000503525
"1424" 1497.93211386533 NA NA
"1425" 1497.953123428 1.001115901 0.000503181
"1426" 1497.973956707 0.999628672 0.000503534
"1427" 1497.994789985 0.99987234 0.000503478
"1428" 1498.015623262 1.000760588 0.000503228
"1429" 1498.036456538 1.000558551 0.000503219
"1430" 1498.057289814 0.9992015 0.000503552
"1431" 1498.078123088 0.999272741 0.00050358
"1432" 1498.098956361 0.999796143 0.000503474
"1433" 1498.119789634 0.999932916 0.00050346
"1434" 1498.140622905 1.000117985 0.000503453
"1435" 1498.161456176 1.000171916 0.000503442
"1436" 1498.182289445 1.000073914 0.00050344
"1437" 1498.203122714 1.000150622 0.000503417
"1438" 1498.223955981 1.0005061 0.000503351
"1439" 1498.244789248 0.999162799 0.000503651
"1440" 1498.265622514 0.999737984 0.000503502
"1441" 1498.286455779 0.999165129 0.000503678
"1442" 1498.307289043 0.999683529 0.000503569
"1443" 1498.328122306 0.999271602 0.000503661
"1444" 1498.348955568 0.999047726 0.00050373
"1445" 1498.369788828 1.000111803 0.000503482
"1446" 1498.390622088 1.001565337 0.000503062
"1447" 1498.411455347 0.999851864 0.000503454
"1448" 1498.432288605 0.998763108 0.000503769
"1449" 1498.453121863 0.999821627 0.000503507
"1450" 1498.473955119 0.999004077 0.000503752
"1451" 1498.494788374 0.99988737 0.000503579
"1452" 1498.515621628 1.000149396 0.000503559
"1453" 1498.536454881 0.999297085 0.00050377
"1454" 1498.557288134 1.000092165 0.000503594
"1455" 1498.578121385 0.999980987 0.000503625
"1456" 1498.598954635 1.000116963 0.000503517
"1457" 1498.619787885 1.000299045 0.000503498
"1458" 1498.640621133 0.999716911 0.000503726
"1459" 1498.661454381 1.000439176 0.00050354
"1460" 1498.682287627 0.999997873 0.000503692
"1461" 1498.703120873 0.999926944 0.000503717
"1462" 1498.723954117 0.999737178 0.000503784
"1463" 1498.744787361 0.999773125 0.000503754
"1464" 1498.765620603 1.000271387 0.000503603
"1465" 1498.786453845 0.998996069 0.000503966
"1466" 1498.807287086 0.999158269 0.0005039
"1467" 1498.828120325 0.998876577 0.000503969
"1468" 1498.848953564 0.999630176 0.000503848
"1469" 1498.869786802 0.999578981 0.000503876
"1470" 1498.890620038 1.000242562 0.000503731
"1471" 1498.911453274 0.99911234 0.000504042
"1472" 1498.932286509 1.000356423 0.000503676
"1473" 1498.953119743 0.99998409 0.00050377
"1474" 1498.973952976 0.999603106 0.000503854
"1475" 1498.994786208 0.999355974 0.000503877
"1476" 1499.015619438 1.000207537 0.000503664
"1477" 1499.036452668 1.000120952 0.000503722
"1478" 1499.057285897 0.999665011 0.000503904
"1479" 1499.078119125 0.999571288 0.000503865
"1480" 1499.098952352 0.999906449 0.000503756
"1481" 1499.119785578 1.000123384 0.000503702
"1482" 1499.140618803 1.00065961 0.000503508
"1483" 1499.161452027 1.000134724 0.000503602
"1484" 1499.18228525 0.999719399 0.000503708
"1485" 1499.203118472 1.000656488 0.000503499
"1486" 1499.223951693 0.99992607 0.000503683
"1487" 1499.244784913 1.000801466 0.000503483
"1488" 1499.265618132 0.999727133 0.000503779
"1489" 1499.28645135 0.999478585 0.000503822
"1490" 1499.307284567 0.999592143 0.000503763
"1491" 1499.328117783 0.999781279 0.000503673
"1492" 1499.348950998 1.000546397 0.000503442
"1493" 1499.369784212 1.000068868 0.000503527
"1494" 1499.390617425 0.99957268 0.000503738
"1495" 1499.411450637 0.99899228 0.000503879
"1496" 1499.432283848 0.999744743 0.000503724
"1497" 1499.453117058 0.998683922 0.000504008
"1498" 1499.473950267 0.99944264 0.000503853
"1499" 1499.494783475 1.00066774 0.000503517
"1500" 1499.515616682 0.999678973 0.000503755
"1501" 1499.536449888 0.999810998 0.000503706
"1502" 1499.557283093 1.000373249 0.000503543
"1503" 1499.578116297 0.999806385 0.000503738
"1504" 1499.5989495 1.000422444 0.000503627
"1505" 1499.619782702 1.000775154 0.00050358
"1506" 1499.640615903 1.000293015 0.000503695
"1507" 1499.661449103 0.999481185 0.00050392
"1508" 1499.682282302 0.999784534 0.000503776
"1509" 1499.7031155 0.999892093 0.000503701
"1510" 1499.723948697 1.000554423 0.000503556
"1511" 1499.744781893 0.999937629 0.000503638
"1512" 1499.765615088 1.000720403 0.000503432
"1513" 1499.786448282 0.999413007 0.000503849
"1514" 1499.807281475 0.999633509 0.000503834
"1515" 1499.828114667 1.001501027 0.000503413
"1516" 1499.848947857 1.001013596 0.000503588
"1517" 1499.869781047 1.000045623 0.000503825
"1518" 1499.890614235 1.000397927 0.000503719
"1519" 1499.911447423 0.999814707 0.000503868
"1520" 1499.93228061 0.999861782 0.000503782
"1521" 1499.953113795 0.999546195 0.0005039
"1522" 1499.97394698 0.999619688 0.000503938
"1523" 1499.994780164 0.999326775 0.000504025
"1524" 1500.015613346 0.999546322 0.000503973
"1525" 1500.036446528 1.000036911 0.000503867
"1526" 1500.057279708 0.99929836 0.000504013
"1527" 1500.078112887 0.999389504 0.000503929
"1528" 1500.098946066 0.999889174 0.0005038
"1529" 1500.119779243 1.000565574 0.000503583
"1530" 1500.140612419 1.000133905 0.000503691
"1531" 1500.161445595 0.999230697 0.000503945
"1532" 1500.182278769 0.999798083 0.000503806
"1533" 1500.203111937 1.000320784 0.000503656
"1534" 1500.223945109 1.00019009 0.000503697
"1535" 1500.24477828 0.999738097 0.000503788
"1536" 1500.26561145 1.00024656 0.000503643
"1537" 1500.286444619 0.999751537 0.000503766
"1538" 1500.307277787 1.000034901 0.000503717
"1539" 1500.328110954 0.999705859 0.000503848
"1540" 1500.348944119 0.998907325 0.000504122
"1541" 1500.369777284 0.99985696 0.000503902
"1542" 1500.390610447 1.00098884 0.000503575
"1543" 1500.41144361 1.000976518 0.000503633
"1544" 1500.432276771 1.00021095 0.00050382
"1545" 1500.453109932 1.000295534 0.000503732
"1546" 1500.473943091 0.99958209 0.000503896
"1547" 1500.494776249 0.999529799 0.000503877
"1548" 1500.515609406 1.000483142 0.000503681
"1549" 1500.536442562 0.998998497 0.000504137
"1550" 1500.557275717 0.999692765 0.000503954
"1551" 1500.578108871 0.998918965 0.000504126
"1552" 1500.598942024 0.999462755 0.000504039
"1553" 1500.619775176 0.99926803 0.000504032
"1554" 1500.640608326 0.999986295 0.000503807
"1555" 1500.661441476 0.998775512 0.000504142
"1556" 1500.682274624 1.000045971 0.000503762
"1557" 1500.703107771 0.999514618 0.000503921
"1558" 1500.723940917 1.000169531 0.000503837
"1559" 1500.744774062 1.000356512 0.000503771
"1560" 1500.765607206 1.000131654 0.000503811
"1561" 1500.786440349 1.000539315 0.000503743
"1562" 1500.807273491 0.999477624 0.000503929
"1563" 1500.828106632 0.99958055 0.000503903
"1564" 1500.848939771 0.999769797 0.000503821
"1565" 1500.869772909 0.999717998 0.000503817
"1566" 1500.890606046 0.999113492 0.000504
"1567" 1500.911439182 0.999625893 0.00050392
"1568" 1500.932272318 1.000130924 0.000503786
"1569" 1500.953105451 0.999433851 0.000504004
"1570" 1500.973938584 1.000209615 0.000503764
"1571" 1500.994771716 1.000318415 0.000503694
"1572" 1501.015604846 0.999074268 0.000504023
"1573" 1501.036437975 1.0001318 0.000503767
"1574" 1501.05711386533 NA NA
"1575" 1501.07810423 0.999550776 0.000503957
"1576" 1501.098937356 0.999998408 0.000503872
"1577" 1501.119770481 0.998943097 0.000504149
"1578" 1501.140603605 0.99974028 0.000504024
"1579" 1501.161436727 0.999528809 0.000504016
"1580" 1501.182269848 0.999518399 0.000503983
"1581" 1501.203102968 1.000856197 0.000503636
"1582" 1501.223936087 0.998643106 0.000504113
"1583" 1501.244769205 1.000448161 0.000503692
"1584" 1501.265602321 1.00004651 0.000503849
"1585" 1501.286435436 0.99931469 0.000504064
"1586" 1501.307268551 0.999955946 0.000503969
"1587" 1501.328101663 1.000023883 0.000503952
"1588" 1501.348934775 0.999804234 0.000503988
"1589" 1501.369767886 1.00026187 0.000503827
"1590" 1501.390600995 1.000594204 0.000503711
"1591" 1501.411434103 1.000003789 0.000503838
"1592" 1501.43226721 1.000962273 0.000503601
"1593" 1501.453100316 1.000492493 0.000503735
"1594" 1501.47393342 0.999995031 0.000503933
"1595" 1501.494766524 1.000899854 0.000503702
"1596" 1501.515599626 1.000600762 0.000503764
"1597" 1501.536432726 0.999872039 0.000503949
"1598" 1501.557265826 0.999270276 0.000504072
"1599" 1501.578098924 0.999426205 0.000503984
"1600" 1501.598932021 0.999674022 0.000503887
"1601" 1501.619765117 0.999535382 0.000503923
"1602" 1501.640598212 1.000224185 0.000503806
"1603" 1501.661431305 0.999228591 0.00050408
"1604" 1501.682264397 0.999008146 0.000504118
"1605" 1501.703097488 0.999029293 0.000504126
"1606" 1501.723930577 0.999976186 0.000503841
"1607" 1501.744763666 0.999395758 0.000503994
"1608" 1501.765596753 0.999692251 0.000503896
"1609" 1501.786429838 1.000170715 0.000503752
"1610" 1501.807262923 1.000013495 0.000503866
"1611" 1501.828096006 1.00050373 0.000503766
"1612" 1501.848929088 0.999642392 0.000504011
"1613" 1501.869762168 0.999905677 0.000503985
"1614" 1501.890595248 0.999494977 0.000504072
"1615" 1501.911428326 0.999964235 0.000503965
"1616" 1501.932261403 0.999425477 0.000504091
"1617" 1501.953094478 1.000387695 0.000503797
"1618" 1501.973927552 0.999565025 0.000504032
"1619" 1501.994760624 0.999931839 0.000503973
"1620" 1502.015593696 0.999815646 0.000504084
"1621" 1502.036426766 1.000212678 0.000503984
"1622" 1502.057259834 0.999563477 0.000504157
"1623" 1502.078092901 0.999126074 0.000504306
"1624" 1502.098925967 1.000144713 0.000504039
"1625" 1502.119759032 0.999964752 0.000504018
"1626" 1502.140592095 1.000345509 0.000503949
"1627" 1502.161425157 1.000801843 0.000503806
"1628" 1502.182258217 0.999524407 0.000504155
"1629" 1502.203091276 1.000094936 0.000504069
"1630" 1502.223924334 0.999822325 0.000504108
"1631" 1502.24475739 1.00036447 0.000504063
"1632" 1502.265590445 1.0000293 0.000504091
"1633" 1502.286423498 0.999606365 0.000504208
"1634" 1502.30725655 0.999744459 0.000504177
"1635" 1502.328089601 0.999759201 0.000504086
"1636" 1502.34892265 0.999193674 0.000504245
"1637" 1502.369755697 0.999928952 0.000504094
"1638" 1502.390588744 0.99984639 0.000504148
"1639" 1502.411421789 0.999635159 0.000504266
"1640" 1502.432254832 1.000388379 0.000504125
"1641" 1502.453087874 0.999637729 0.000504341
"1642" 1502.473920914 1.000981717 0.000503979
"1643" 1502.494753954 1.00035282 0.000504137
"1644" 1502.515586991 1.000439624 0.000504111
"1645" 1502.536420027 1.00019349 0.000504152
"1646" 1502.557253061 0.998686345 0.000504573
"1647" 1502.578086095 0.999342 0.00050444
"1648" 1502.598919126 0.999914543 0.000504371
"1649" 1502.619752157 0.999723017 0.000504384
"1650" 1502.640585185 0.999041506 0.000504513
"1651" 1502.661418212 1.000142593 0.000504207
"1652" 1502.682251238 0.998983127 0.000504482
"1653" 1502.703084262 0.999759796 0.000504287
"1654" 1502.723917285 1.000173858 0.000504156
"1655" 1502.744750306 1.000563363 0.000504126
"1656" 1502.765583325 0.999751016 0.000504429
"1657" 1502.786416344 0.999155709 0.000504588
"1658" 1502.807249361 0.999743248 0.000504469
"1659" 1502.828082376 0.99983079 0.000504447
"1660" 1502.848915389 0.999329448 0.000504547
"1661" 1502.869748401 1.000184919 0.000504312
"1662" 1502.890581412 0.999370518 0.000504479
"1663" 1502.911414421 0.999303326 0.000504484
"1664" 1502.932247429 0.999338468 0.000504552
"1665" 1502.953080436 1.000137443 0.000504359
"1666" 1502.97391344 1.000696679 0.000504275
"1667" 1502.994746444 1.000176389 0.000504402
"1668" 1503.015579446 0.999810267 0.000504497
"1669" 1503.036280532 NA NA
"1670" 1503.05711386533 NA NA
"1671" 1503.07794719867 NA NA
"1672" 1503.098780532 NA NA
"1673" 1503.11961386533 NA NA
"1674" 1503.14044719867 NA NA
"1675" 1503.161280532 NA NA
"1676" 1503.18211386533 NA NA
"1677" 1503.20294719867 NA NA
"1678" 1503.223780532 NA NA
"1679" 1503.24461386533 NA NA
"1680" 1503.26544719867 NA NA
"1681" 1503.286280532 NA NA
"1682" 1503.30711386533 NA NA
"1683" 1503.32794719867 NA NA
"1684" 1503.348780532 NA NA
"1685" 1503.36961386533 NA NA
"1686" 1503.39044719867 NA NA
"1687" 1503.411280532 NA NA
"1688" 1503.43211386533 NA NA
"1689" 1503.45294719867 NA NA
"1690" 1503.473780532 NA NA
"1691" 1503.49461386533 NA NA
"1692" 1503.51544719867 NA NA
"1693" 1503.536280532 NA NA
"1694" 1503.55711386533 NA NA
"1695" 1503.57794719867 NA NA
"1696" 1503.598780532 NA NA
"1697" 1503.61961386533 NA NA
"1698" 1503.64044719867 NA NA
"1699" 1503.661280532 NA NA
"1700" 1503.68211386533 NA NA
"1701" 1503.70294719867 NA NA
"1702" 1503.723780532 NA NA
"1703" 1503.74461386533 NA NA
"1704" 1503.76544719867 NA NA
"1705" 1503.786280532 NA NA
"1706" 1503.80711386533 NA NA
"1707" 1503.82794719867 NA NA
"1708" 1503.848780532 NA NA
"1709" 1503.86961386533 NA NA
"1710" 1503.89044719867 NA NA
"1711" 1503.911280532 NA NA
"1712" 1503.93211386533 NA NA
"1713" 1503.95294719867 NA NA
"1714" 1503.973780532 NA NA
"1715" 1503.99461386533 NA NA
"1716" 1504.01544719867 NA NA
"1717" 1504.036280532 NA NA
"1718" 1504.05711386533 NA NA
"1719" 1504.07794719867 NA NA
"1720" 1504.098780532 NA NA
"1721" 1504.11961386533 NA NA
"1722" 1504.14044719867 NA NA
"1723" 1504.161280532 NA NA
"1724" 1504.18211386533 NA NA
"1725" 1504.20294719867 NA NA
"1726" 1504.223780532 NA NA
"1727" 1504.24461386533 NA NA
"1728" 1504.26544719867 NA NA
"1729" 1504.286280532 NA NA
"1730" 1504.30711386533 NA NA
"1731" 1504.32794719867 NA NA
"1732" 1504.348780532 NA NA
"1733" 1504.36961386533 NA NA
"1734" 1504.39044719867 NA NA
"1735" 1504.411280532 NA NA
"1736" 1504.43211386533 NA NA
"1737" 1504.45294719867 NA NA
"1738" 1504.473780532 NA NA
"1739" 1504.49461386533 NA NA
"1740" 1504.51544719867 NA NA
"1741" 1504.536280532 NA NA
"1742" 1504.55711386533 NA NA
"1743" 1504.57794719867 NA NA
"1744" 1504.598780532 NA NA
"1745" 1504.61961386533 NA NA
"1746" 1504.64044719867 NA NA
"1747" 1504.661280532 NA NA
"1748" 1504.68211386533 NA NA
"1749" 1504.70294719867 NA NA
"1750" 1504.72389167 0.998302077 0.000505457
"1751" 1504.744724852 1.000193807 0.000504892
"1752" 1504.765558032 1.000350616 0.000504782
"1753" 1504.786391213 0.999170855 0.000505059
"1754" 1504.807224393 0.99926272 0.00050498
"1755" 1504.828057572 0.999212233 0.000505064
"1756" 1504.848890751 0.999552249 0.000504935
"1757" 1504.869723929 0.99997233 0.000504766
"1758" 1504.890557107 1.000086614 0.000504779
"1759" 1504.911390283 1.000370395 0.000504599
"1760" 1504.932223459 0.999358055 0.000504788
"1761" 1504.953056635 1.00002418 0.00050462
"1762" 1504.973889809 0.99980004 0.000504641
"1763" 1504.994722983 1.000115695 0.000504587
"1764" 1505.015556156 0.999786433 0.000504714
"1765" 1505.036389328 1.000284515 0.000504619
"1766" 1505.057222499 0.999596671 0.000504805
"1767" 1505.07805567 0.999766085 0.000504807
"1768" 1505.098888839 0.999503796 0.000504842
"1769" 1505.119722007 1.000200355 0.000504662
"1770" 1505.140555175 0.999682296 0.000504781
"1771" 1505.161388342 0.998815212 0.000505042
"1772" 1505.182221507 0.999903181 0.000504816
"1773" 1505.203054672 0.999597121 0.000504923
"1774" 1505.223887836 0.999393729 0.000505001
"1775" 1505.244720999 0.999859278 0.00050488
"1776" 1505.265554161 1.000687138 0.000504666
"1777" 1505.286387322 1.001236667 0.000504483
"1778" 1505.307220482 0.999758676 0.000504832
"1779" 1505.328053641 1.00041516 0.000504631
"1780" 1505.348886799 0.999845319 0.000504806
"1781" 1505.369719955 1.000428813 0.00050468
"1782" 1505.390553112 0.99918402 0.000505004
"1783" 1505.411386267 0.999554122 0.000504932
"1784" 1505.43221942 0.999312805 0.000505038
"1785" 1505.453052573 1.000383807 0.000504716
"1786" 1505.473885725 0.999263567 0.000504995
"1787" 1505.494718876 1.000215964 0.000504714
"1788" 1505.515552026 0.999555615 0.000504844
"1789" 1505.536385174 1.000129027 0.000504716
"1790" 1505.557218322 1.000227067 0.000504696
"1791" 1505.578051469 0.999686363 0.000504873
"1792" 1505.598884614 0.999594686 0.000504888
"1793" 1505.619717759 0.999757928 0.000504878
"1794" 1505.640550903 0.999971332 0.000504819
"1795" 1505.661384045 0.99992195 0.000504802
"1796" 1505.682217186 0.999562732 0.000504868
"1797" 1505.703050327 0.999581271 0.000504825
"1798" 1505.723883466 0.998269259 0.000505181
"1799" 1505.744716604 0.99956401 0.000504874
"1800" 1505.765549741 0.998930284 0.000505078
"1801" 1505.786382878 0.999162438 0.000505022
"1802" 1505.807216013 0.999158318 0.000505029
"1803" 1505.828049147 1.000129112 0.000504762
"1804" 1505.84888228 1.00009501 0.000504714
"1805" 1505.869715412 0.999856455 0.000504732
"1806" 1505.890548543 1.000199343 0.000504642
"1807" 1505.911381673 0.999774541 0.000504765
"1808" 1505.932214802 0.999936424 0.000504734
"1809" 1505.953047929 0.999760685 0.000504789
"1810" 1505.973881056 1.00042021 0.000504621
"1811" 1505.994714182 0.999718245 0.000504775
"1812" 1506.015547306 0.999502251 0.000504852
"1813" 1506.03638043 0.999874474 0.000504656
"1814" 1506.057213553 0.999801872 0.00050465
"1815" 1506.078046674 1.00002512 0.000504579
"1816" 1506.098879795 0.999666466 0.000504693
"1817" 1506.119712914 1.000444344 0.000504528
"1818" 1506.140546032 1.000145219 0.000504594
"1819" 1506.16137915 0.999990763 0.00050469
"1820" 1506.182212266 0.999332283 0.000504836
"1821" 1506.203045382 1.000235013 0.000504622
"1822" 1506.223878496 0.999364688 0.000504819
"1823" 1506.244711609 1.000364284 0.00050454
"1824" 1506.265544721 1.000401813 0.000504487
"1825" 1506.286377832 0.999901792 0.000504676
"1826" 1506.307210943 0.999326485 0.000504831
"1827" 1506.328044052 0.999438334 0.000504808
"1828" 1506.34887716 0.998918939 0.000504977
"1829" 1506.369710267 1.000010339 0.000504698
"1830" 1506.390543373 0.999794136 0.000504786
"1831" 1506.411376478 0.999496116 0.000504809
"1832" 1506.432209582 1.000178122 0.000504603
"1833" 1506.453042685 0.999557281 0.000504772
"1834" 1506.473875786 0.999609784 0.000504825
"1835" 1506.494708887 1.000196488 0.000504725
"1836" 1506.515541987 0.998931894 0.000505098
"1837" 1506.536375086 0.999951923 0.000504853
"1838" 1506.557208184 0.999855542 0.000504922
"1839" 1506.578041281 1.001101313 0.000504564
"1840" 1506.598874376 1.000010596 0.000504795
"1841" 1506.619707471 1.000584944 0.000504656
"1842" 1506.640540564 1.000153946 0.000504751
"1843" 1506.661373657 0.999692737 0.000504896
"1844" 1506.682206749 1.000904108 0.000504635
"1845" 1506.70303984 1.000384349 0.000504789
"1846" 1506.723872929 0.999241615 0.000505104
"1847" 1506.744706018 0.999638822 0.000504982
"1848" 1506.765539106 1.000497207 0.000504741
"1849" 1506.786372192 0.999729688 0.000504905
"1850" 1506.807205278 1.000104932 0.000504774
"1851" 1506.828038363 0.999421125 0.000504942
"1852" 1506.848871446 0.999245132 0.000505045
"1853" 1506.869704529 0.999841474 0.000504892
"1854" 1506.89053761 0.999035052 0.000505104
"1855" 1506.911370691 0.99875854 0.000505208
"1856" 1506.932203771 1.000057019 0.000504833
"1857" 1506.95303685 1.000105277 0.000504794
"1858" 1506.973869927 0.999578216 0.000504875
"1859" 1506.994703004 0.999737338 0.000504823
"1860" 1507.015536079 0.999777729 0.000504767
"1861" 1507.036369154 1.000448624 0.000504613
"1862" 1507.057202228 0.999751508 0.000504832
"1863" 1507.0780353 0.999802361 0.000504879
"1864" 1507.098868372 1.000121479 0.000504824
"1865" 1507.119701443 1.000300129 0.000504751
"1866" 1507.140534513 0.99976852 0.000504872
"1867" 1507.161367582 0.999597948 0.000504894
"1868" 1507.182200649 0.999596445 0.000504845
"1869" 1507.203033716 0.999404996 0.000504921
"1870" 1507.223866782 0.999531604 0.000504926
"1871" 1507.244699846 1.000434065 0.000504751
"1872" 1507.26553291 1.000473418 0.000504776
"1873" 1507.286365973 0.99949919 0.000505011
"1874" 1507.307199035 0.999704767 0.000504976
"1875" 1507.328032096 1.000261823 0.00050482
"1876" 1507.348865156 0.999649204 0.000504966
"1877" 1507.369698214 0.999350976 0.000505069
"1878" 1507.390531272 1.000082841 0.000504908
"1879" 1507.411364329 0.999184125 0.000505182
"1880" 1507.432197385 1.000031624 0.000504981
"1881" 1507.45303044 0.999861867 0.000505088
"1882" 1507.473863494 1.000123115 0.00050503
"1883" 1507.494696547 1.000115377 0.000505028
"1884" 1507.5155296 0.998615573 0.000505347
"1885" 1507.53636265 0.999918184 0.000505009
"1886" 1507.557195701 0.999414382 0.000505084
"1887" 1507.578028747 0.999049744 0.000505203
"1888" 1507.598861795 1.000966532 0.000504715
"1889" 1507.619694842 0.999844274 0.00050499
"1890" 1507.640527888 0.999771516 0.000505065
"1891" 1507.661360934 0.999670318 0.000505083
"1892" 1507.682193978 0.999726573 0.000505082
"1893" 1507.703027021 0.999680655 0.000505056
"1894" 1507.723860063 0.99892803 0.000505235
"1895" 1507.744693105 1.000175697 0.000504912
"1896" 1507.765526145 1.000029524 0.000504957
"1897" 1507.786359185 1.000356186 0.000504903
"1898" 1507.807192223 0.999721135 0.000505139
"1899" 1507.828025261 0.999895708 0.00050511
"1900" 1507.848858298 0.999897395 0.000505097
"1901" 1507.86961386533 NA NA
"1902" 1507.890524368 0.999465013 0.000505045
"1903" 1507.911357402 1.001174309 0.000504602
"1904" 1507.932190435 0.998653342 0.0005052
"1905" 1507.953023467 1.000105291 0.000504868
"1906" 1507.973856497 1.000546871 0.000504802
"1907" 1507.994689527 0.999773753 0.000505001
"1908" 1508.015522557 0.999654305 0.000505032
"1909" 1508.036355585 1.000047399 0.000504947
"1910" 1508.057188612 0.999136201 0.000505173
"1911" 1508.078021638 0.999819492 0.000504955
"1912" 1508.098854663 0.999610624 0.000504996
"1913" 1508.119687687 0.9993818 0.000505055
"1914" 1508.14052071 0.999858258 0.00050494
"1915" 1508.161353733 1.000858762 0.000504726
"1916" 1508.182186754 0.998984863 0.000505238
"1917" 1508.203019775 1.000034599 0.000504991
"1918" 1508.223852794 1.000570119 0.000504873
"1919" 1508.244685813 0.999648582 0.000505053
"1920" 1508.265518831 1.000440513 0.00050484
"1921" 1508.286351847 0.999850032 0.000504956
"1922" 1508.307184863 1.000422121 0.00050479
"1923" 1508.328017877 0.999635684 0.000504937
"1924" 1508.348850892 0.999896318 0.000504937
"1925" 1508.369683904 0.999900775 0.000504932
"1926" 1508.390516916 1.00014598 0.000504909
"1927" 1508.411280532 NA NA
"1928" 1508.43211386533 NA NA
"1929" 1508.45294719867 NA NA
"1930" 1508.473780532 NA NA
"1931" 1508.49461386533 NA NA
"1932" 1508.51544719867 NA NA
"1933" 1508.536280532 NA NA
"1934" 1508.55711386533 NA NA
"1935" 1508.578013981 1.000047714 0.000504945
"1936" 1508.598846984 0.999638668 0.000505022
"1937" 1508.619679986 1.000187784 0.000504929
"1938" 1508.640512986 0.999403373 0.000505099
"1939" 1508.661345986 0.998516109 0.000505282
"1940" 1508.682178985 0.999387222 0.000505011
"1941" 1508.703011983 1.00000569 0.000504928
"1942" 1508.72384498 1.000109874 0.000504915
"1943" 1508.744677976 1.000054416 0.000504969
"1944" 1508.765510971 0.999454319 0.000505108
"1945" 1508.786343965 1.00025789 0.000504911
"1946" 1508.807176958 0.998901441 0.000505212
"1947" 1508.828009951 1.000306207 0.000504834
"1948" 1508.848842942 0.999374049 0.000505036
"1949" 1508.869675932 0.999952277 0.000504879
"1950" 1508.890508922 0.999206522 0.000505126
"1951" 1508.911341911 0.99999902 0.000504918
"1952" 1508.932174898 1.000170257 0.000504889
"1953" 1508.953007885 1.000039534 0.000504966
"1954" 1508.97384087 0.999377347 0.000505089
"1955" 1508.994673856 0.999395802 0.000505051
"1956" 1509.015506839 1.000103322 0.000504864
"1957" 1509.036339822 0.999972541 0.000504862
"1958" 1509.057172804 1.000707109 0.000504706
"1959" 1509.078005786 0.999719354 0.000504971
"1960" 1509.098838766 1.000931668 0.000504703
"1961" 1509.119671745 0.99967841 0.000505024
"1962" 1509.140504723 1.000254746 0.000504917
"1963" 1509.161337701 0.999969015 0.000505004
"1964" 1509.182170677 0.999048545 0.00050519
"1965" 1509.203003652 0.9993164 0.000505124
"1966" 1509.223836627 1.000515126 0.00050477
"1967" 1509.244669601 0.999283357 0.000505062
"1968" 1509.265502574 1.000311491 0.000504857
"1969" 1509.286335546 0.999693894 0.000505052
"1970" 1509.307168516 1.000329231 0.000504925
"1971" 1509.328001486 1.000235359 0.000504977
"1972" 1509.348834456 1.000177391 0.000504961
"1973" 1509.369667424 0.999446922 0.00050513
"1974" 1509.390500391 0.999736223 0.000505016
"1975" 1509.411333357 1.00013523 0.0005049
"1976" 1509.432166322 0.99982527 0.000504974
"1977" 1509.452999287 0.999708745 0.000505016
"1978" 1509.47383225 0.999711533 0.000505047
"1979" 1509.494665213 1.000730381 0.00050481
"1980" 1509.515498175 0.999710155 0.000505098
"1981" 1509.536331136 1.000823542 0.000504786
"1982" 1509.557164095 0.999564094 0.000505083
"1983" 1509.577997054 0.999573117 0.000505062
"1984" 1509.598830012 1.000182007 0.000504886
"1985" 1509.619662969 0.999791403 0.000504994
"1986" 1509.640495926 1.000412787 0.000504862
"1987" 1509.66132888 0.999719831 0.000505096
"1988" 1509.682161835 0.999515089 0.000505159
"1989" 1509.702994788 0.999322291 0.000505227
"1990" 1509.723827741 0.998891935 0.000505319
"1991" 1509.744660692 0.999598956 0.000505082
"1992" 1509.765493643 1.000103721 0.000504935
"1993" 1509.786326593 0.9997034 0.000504996
"1994" 1509.807159541 0.998833743 0.000505183
"1995" 1509.827992489 0.999855257 0.000504952
"1996" 1509.848825436 0.999714416 0.000505021
"1997" 1509.869658382 1.000790142 0.00050477
"1998" 1509.890491327 1.000640569 0.000504806
"1999" 1509.911324271 1.000361335 0.000504846
"2000" 1509.932157214 1.000117355 0.000504869
"2001" 1509.952990157 0.99916558 0.000505118
"2002" 1509.973823098 1.000217042 0.000504806
"2003" 1509.994656038 0.999941255 0.000504909
"2004" 1510.015488978 1.000145879 0.0005049
"2005" 1510.036321917 0.999181411 0.00050517
"2006" 1510.057154854 0.999626828 0.000505073
"2007" 1510.077987791 0.999415608 0.000505151
"2008" 1510.098820727 1.000328261 0.000504899
"2009" 1510.119653662 0.999842747 0.000504973
"2010" 1510.140486596 1.000093669 0.000504932
"2011" 1510.161319529 1.00017459 0.000504867
"2012" 1510.182152461 0.999852616 0.000504924
"2013" 1510.202985392 1.000115717 0.000504871
"2014" 1510.223818322 0.998353286 0.000505375
"2015" 1510.244651252 0.999486731 0.000505095
"2016" 1510.26548418 0.999652026 0.000505044
"2017" 1510.286317108 1.000163672 0.000504902
"2018" 1510.307150034 0.999666212 0.00050502
"2019" 1510.32798296 0.999385418 0.000505049
"2020" 1510.348815885 0.999665778 0.000504976
"2021" 1510.369648809 0.99934542 0.000505081
"2022" 1510.390481732 1.000330645 0.000504893
"2023" 1510.411314654 0.999529696 0.000505159
"2024" 1510.432147572 0.999528049 0.000505175
"2025" 1510.452980492 1.000496504 0.000504897
"2026" 1510.473813411 0.999622101 0.000505116
"2027" 1510.494646329 1.000205659 0.000504916
"2028" 1510.515479247 0.999933541 0.00050493
"2029" 1510.536280532 NA NA
"2030" 1510.557145079 1.000310602 0.000504784
"2031" 1510.577977993 0.999745991 0.000504956
"2032" 1510.598810907 0.999055934 0.000505176
"2033" 1510.61964382 1.000137828 0.000504965
"2034" 1510.640476731 0.99992837 0.00050503
"2035" 1510.661309643 0.999909606 0.000505089
"2036" 1510.682142552 0.999654574 0.000505119
"2037" 1510.702975462 1.001716575 0.000504561
"2038" 1510.72380837 1.000366495 0.000504871
"2039" 1510.744641277 1.00076624 0.000504791
"2040" 1510.765474183 1.000290865 0.00050489
"2041" 1510.786307089 1.000221012 0.000504957
"2042" 1510.807139993 0.999673213 0.000505132
"2043" 1510.827972896 0.999992883 0.000505022
"2044" 1510.848805799 0.999634549 0.000505103
"2045" 1510.869638701 0.999966349 0.000504937
"2046" 1510.890471601 0.999877135 0.000504944
"2047" 1510.911304501 0.999717639 0.000504995
"2048" 1510.9321374 0.999272905 0.000505171
"2049" 1510.952970298 0.999859964 0.000505
"2050" 1510.973803195 0.998974596 0.000505318
"2051" 1510.99461386533 NA NA
"2052" 1511.01544719867 NA NA
"2053" 1511.03630188 1.000029976 0.00050504
"2054" 1511.057134774 0.998868412 0.000505286
"2055" 1511.077967666 1.000600227 0.000504839
"2056" 1511.098800557 1.000020125 0.000504956
"2057" 1511.119633448 0.999744373 0.000505038
"2058" 1511.140466337 0.999468493 0.000505148
"2059" 1511.161299226 1.000081688 0.000505031
"2060" 1511.182132114 0.999870025 0.00050512
"2061" 1511.202965 1.000201414 0.000505018
"2062" 1511.223797886 0.999612462 0.000505152
"2063" 1511.244630771 0.999929443 0.000505065
"2064" 1511.265463655 1.001025203 0.000504757
"2065" 1511.286296538 1.000831836 0.000504751
"2066" 1511.30712942 0.999394635 0.000505067
"2067" 1511.327962301 1.000746268 0.000504766
"2068" 1511.348795181 1.00066829 0.000504823
"2069" 1511.369628061 0.999038352 0.000505257
"2070" 1511.390460939 0.999191101 0.000505248
"2071" 1511.411293817 1.0003915 0.000504955
"2072" 1511.432126693 0.999415464 0.000505213
"2073" 1511.452959569 0.999721354 0.000505106
"2074" 1511.473792443 1.000654305 0.000504862
"2075" 1511.494625317 0.999617669 0.000505146
"2076" 1511.51545819 0.998955746 0.000505333
"2077" 1511.536291061 0.999204315 0.000505314
"2078" 1511.557123932 0.99974949 0.000505151
"2079" 1511.577956802 0.999657708 0.000505143
"2080" 1511.598789671 1.000097298 0.000505038
"2081" 1511.619622539 0.999611809 0.000505124
"2082" 1511.640455406 0.999647819 0.00050507
"2083" 1511.661288272 0.999785542 0.000505007
"2084" 1511.682121137 0.99913421 0.000505277
"2085" 1511.702954002 1.000370283 0.000505003
"2086" 1511.723786865 0.999637956 0.000505224
"2087" 1511.744619727 1.000271446 0.00050507
"2088" 1511.765452588 0.999662949 0.000505249
"2089" 1511.786285449 1.000231206 0.000505046
"2090" 1511.807118308 0.999154593 0.000505284
"2091" 1511.827951167 0.999891657 0.000505089
"2092" 1511.848784024 1.000339029 0.000504971
"2093" 1511.869616881 1.000328455 0.000505021
"2094" 1511.890449737 1.000116467 0.000505086
"2095" 1511.911282592 0.999921306 0.000505174
"2096" 1511.932115446 0.99962844 0.000505235
"2097" 1511.952948298 1.000170979 0.000505132
"2098" 1511.97378115 1.000032785 0.00050513
"2099" 1511.994614001 1.000679288 0.000504966
"2100" 1512.015446851 0.998995873 0.000505332
"2101" 1512.0362797 0.999872125 0.00050512
"2102" 1512.057112548 0.999193355 0.000505281
"2103" 1512.077945395 0.999623262 0.000505201
"2104" 1512.098778241 0.99994792 0.000505135
"2105" 1512.119611086 0.998562215 0.000505559
"2106" 1512.140443931 0.999687549 0.000505272
"2107" 1512.161276774 1.000054941 0.000505143
"2108" 1512.182109616 0.999878148 0.000505136
"2109" 1512.202942457 0.999446762 0.000505223
"2110" 1512.223775298 1.00043805 0.000504972
"2111" 1512.244608137 0.999414264 0.000505244
"2112" 1512.265440976 1.000066691 0.000505123
"2113" 1512.286273813 1.000588097 0.000505006
"2114" 1512.307106649 0.999516743 0.0005053
"2115" 1512.327939485 0.999707066 0.000505228
"2116" 1512.348772319 1.000232807 0.000505077
"2117" 1512.369605153 0.999152582 0.000505326
"2118" 1512.390437986 0.999803838 0.000505116
"2119" 1512.411270817 0.9999887 0.000505065
"2120" 1512.432103648 0.999294799 0.000505268
"2121" 1512.452936478 1.000341543 0.000505031
"2122" 1512.473769306 1.000143681 0.000505119
"2123" 1512.494602134 0.999486362 0.000505273
"2124" 1512.515434961 1.000022519 0.000505144
"2125" 1512.536267787 0.999590919 0.00050521
"2126" 1512.557100611 1.000089265 0.000505022
"2127" 1512.577933435 0.999355464 0.000505198
"2128" 1512.598766258 1.000592033 0.000504862
"2129" 1512.61959908 1.000324934 0.000504946
"2130" 1512.640431901 0.999902819 0.000505117
"2131" 1512.661264721 0.998456135 0.000505507
"2132" 1512.68211386533 NA NA
"2133" 1512.70294719867 NA NA
"2134" 1512.723763174 1.00022905 0.000505109
"2135" 1512.74459599 0.999725083 0.00050517
"2136" 1512.76544719867 NA NA
"2137" 1512.786261619 0.999871037 0.000505099
"2138" 1512.807094432 0.999590806 0.000505175
"2139" 1512.827927244 1.000810082 0.000504915
"2140" 1512.848760055 0.999098619 0.000505393
"2141" 1512.86961386533 NA NA
"2142" 1512.890425674 0.999403384 0.000505333
"2143" 1512.911258482 1.000312406 0.000505129
"2144" 1512.932091289 0.999246081 0.000505352
"2145" 1512.952924095 0.999060286 0.000505349
"2146" 1512.9737569 1.000949301 0.000504886
"2147" 1512.994589703 1.000645369 0.00050501
"2148" 1513.015422507 0.999393258 0.000505364
"2149" 1513.036255308 1.000131275 0.000505227
"2150" 1513.057088109 0.999964573 0.000505294
"2151" 1513.077920909 1.000897018 0.000505017
"2152" 1513.098753708 0.999752 0.000505297
"2153" 1513.119586506 1.000100987 0.000505181
"2154" 1513.140419303 0.999621948 0.000505244
"2155" 1513.161252098 0.999750805 0.000505217
"2156" 1513.182084893 0.999361677 0.000505366
"2157" 1513.202917687 1.00006982 0.000505204
"2158" 1513.22375048 1.000190556 0.000505217
"2159" 1513.244583272 0.999518263 0.000505384
"2160" 1513.265416059 0.999746239 0.000505309
"2161" 1513.286248848 0.999621981 0.000505338
"2162" 1513.307081637 0.999365373 0.000505321
"2163" 1513.327914425 0.999247974 0.000505369
"2164" 1513.348747211 0.999333337 0.000505323
"2165" 1513.369579996 1.000728972 0.000505035
"2166" 1513.390412781 0.999799725 0.000505269
"2167" 1513.411245564 0.999869549 0.000505267
"2168" 1513.432078347 1.000431163 0.000505187
"2169" 1513.452911128 0.999245514 0.000505428
"2170" 1513.473743909 0.999818832 0.000505274
"2171" 1513.494576688 1.000506674 0.000505053
"2172" 1513.515409466 0.999781243 0.000505181
"2173" 1513.536242243 0.999980698 0.000505149
"2174" 1513.55707502 1.000224497 0.000505144
"2175" 1513.577907795 1.000386543 0.000505165
"2176" 1513.598740568 0.999778261 0.000505299
"2177" 1513.619573341 1.000572022 0.000505101
"2178" 1513.640406113 0.999790744 0.000505308
"2179" 1513.661238884 1.00032243 0.000505148
"2180" 1513.682071654 0.9998482 0.00050521
"2181" 1513.702904422 0.999919795 0.000505174
"2182" 1513.72373719 1.000194594 0.000505094
"2183" 1513.744569957 1.000437851 0.000505054
"2184" 1513.765402722 0.999928854 0.000505239
"2185" 1513.786235486 0.999780328 0.000505279
"2186" 1513.80706825 0.99959132 0.000505321
"2187" 1513.827901012 0.998572963 0.000505594
"2188" 1513.848733773 0.99850378 0.000505554
"2189" 1513.869566533 0.999635715 0.000505247
"2190" 1513.890399292 0.999867389 0.00050516
"2191" 1513.91123205 0.999540039 0.000505284
"2192" 1513.932064806 1.000286086 0.000505119
"2193" 1513.952897562 0.999696137 0.000505318
"2194" 1513.973730317 0.999853351 0.000505278
"2195" 1513.99456307 0.999827433 0.000505295
"2196" 1514.015395822 0.999944501 0.000505256
"2197" 1514.036228574 1.000323608 0.00050514
"2198" 1514.057061324 1.000169399 0.000505146
"2199" 1514.077894072 0.998986372 0.000505416
"2200" 1514.098726821 1.0004337 0.000505074
"2201" 1514.11961386533 NA NA
"2202" 1514.140392313 0.999662323 0.000505256
"2203" 1514.161225057 0.999724108 0.000505253
"2204" 1514.182057801 0.999819172 0.000505191
"2205" 1514.20294719867 NA NA
"2206" 1514.223780532 NA NA
"2207" 1514.24461386533 NA NA
"2208" 1514.26544719867 NA NA
"2209" 1514.286280532 NA NA
"2210" 1514.30711386533 NA NA
"2211" 1514.32794719867 NA NA
"2212" 1514.348719706 1.001037002 0.000504964
"2213" 1514.369552439 0.999116726 0.000505469
"2214" 1514.390385171 0.999427072 0.000505386
"2215" 1514.411217901 1.000095844 0.000505144
"2216" 1514.432050631 1.000167807 0.000505113
"2217" 1514.452883359 0.999451556 0.000505335
"2218" 1514.473716086 0.999539045 0.000505301
"2219" 1514.494548812 1.000024531 0.000505198
"2220" 1514.515381537 0.999828092 0.000505295
"2221" 1514.536214261 0.999175977 0.000505474
"2222" 1514.557046983 1.000729749 0.000505076
"2223" 1514.577879704 1.000869548 0.000505048
"2224" 1514.598712424 0.99940313 0.000505348
"2225" 1514.619545142 1.00053598 0.000505022
"2226" 1514.64037786 0.999889445 0.00050515
"2227" 1514.661210576 0.999666774 0.00050519
"2228" 1514.682043291 1.00001458 0.000505142
"2229" 1514.702876005 1.000569187 0.000504987
"2230" 1514.723708718 0.999811629 0.000505209
"2231" 1514.744541429 0.998845971 0.0005055
"2232" 1514.765374139 0.999132948 0.000505367
"2233" 1514.786206848 1.000111549 0.000505154
"2234" 1514.807039556 1.000826871 0.000504912
"2235" 1514.827872262 0.99990822 0.000505142
"2236" 1514.848704967 0.999535509 0.00050528
"2237" 1514.869537671 0.999500127 0.000505304
"2238" 1514.890370373 0.999692705 0.000505251
"2239" 1514.911203075 1.00009289 0.00050518
"2240" 1514.932035775 1.000193831 0.000505157
"2241" 1514.952868474 0.999868696 0.000505212
"2242" 1514.973701171 0.999521411 0.000505236
"2243" 1514.994533867 0.999878461 0.000505114
"2244" 1515.015366562 0.998804944 0.000505398
"2245" 1515.036199255 0.999855088 0.000505176
"2246" 1515.057031948 0.999771155 0.00050523
"2247" 1515.077864638 0.999071246 0.000505432
"2248" 1515.098697328 1.000442459 0.000505115
"2249" 1515.119530016 1.000486699 0.000505127
"2250" 1515.140362703 1.000717956 0.000505045
"2251" 1515.161195389 0.999599047 0.000505312
"2252" 1515.182028073 0.999435917 0.000505323
"2253" 1515.202860755 0.999723724 0.000505261
"2254" 1515.223693437 0.999640127 0.000505321
"2255" 1515.244526117 1.00033492 0.000505197
"2256" 1515.265358796 1.000088277 0.000505288
"2257" 1515.286191473 0.999286956 0.000505532
"2258" 1515.307024149 0.999769908 0.000505417
"2259" 1515.327856823 1.000216593 0.000505272
"2260" 1515.348689497 0.999627408 0.000505438
"2261" 1515.369522168 1.000153882 0.000505277
"2262" 1515.390354839 0.999934753 0.000505323
"2263" 1515.411187508 1.000247932 0.000505307
"2264" 1515.432020175 0.999737946 0.000505465
"2265" 1515.452852841 0.999266279 0.000505611
"2266" 1515.473685506 0.999746645 0.000505494
"2267" 1515.494518169 1.000182872 0.000505388
"2268" 1515.515350831 0.998924181 0.000505655
"2269" 1515.536183491 0.999715453 0.000505398
"2270" 1515.55701615 0.998763789 0.000505595
"2271" 1515.577848808 0.999588496 0.000505367
"2272" 1515.598681464 0.999157088 0.000505479
"2273" 1515.619514118 0.999965231 0.000505349
"2274" 1515.64044719867 NA NA
"2275" 1515.661179422 1.000064124 0.000505322
"2276" 1515.682012072 0.999616499 0.000505386
"2277" 1515.70294719867 NA NA
"2278" 1515.723780532 NA NA
"2279" 1515.74461386533 NA NA
"2280" 1515.76544719867 NA NA
"2281" 1515.786280532 NA NA
"2282" 1515.807007941 1.000365818 0.000505253
"2283" 1515.82784058 0.99971806 0.000505474
"2284" 1515.848673218 1.000265306 0.000505318
"2285" 1515.869505855 0.999623128 0.000505504
"2286" 1515.89033849 1.000353767 0.000505281
"2287" 1515.911171123 0.999314915 0.000505534
"2288" 1515.932003756 0.999846078 0.000505304
"2289" 1515.952836386 0.999007702 0.000505527
"2290" 1515.973669015 0.999986991 0.000505328
"2291" 1515.994501642 0.999775111 0.000505389
"2292" 1516.015334269 0.999955703 0.000505375
"2293" 1516.036166893 1.000022045 0.000505358
"2294" 1516.056999517 1.000689339 0.000505215
