Time Flux Fluxerr
"1" 1544.578094695 0.999924655 6.6428e-05
"2" 1544.59892802833 NA NA
"3" 1544.61976136167 NA NA
"4" 1544.640595227 1.000000251 6.6424e-05
"5" 1544.66142802833 NA NA
"6" 1544.682262246 1.000070174 6.6423e-05
"7" 1544.703094695 NA NA
"8" 1544.723929264 0.999927695 6.6423e-05
"9" 1544.744762773 0.999864222 6.6424e-05
"10" 1544.76559628 0.999960325 6.642e-05
"11" 1544.786429788 0.99983701 6.6424e-05
"12" 1544.807263295 0.999949647 6.6422e-05
"13" 1544.828096802 1.000124152 6.6414e-05
"14" 1544.848930308 1.000003636 6.6418e-05
"15" 1544.869763814 0.999972179 6.6419e-05
"16" 1544.89059732 0.999868146 6.6419e-05
"17" 1544.911430825 0.999834876 6.642e-05
"18" 1544.932264329 0.999856029 6.6418e-05
"19" 1544.953097833 1.000050099 6.6417e-05
"20" 1544.973931337 0.999962414 6.6413e-05
"21" 1544.99476484 1.00007372 6.641e-05
"22" 1545.015598342 0.999954201 6.6408e-05
"23" 1545.036431845 1.000001226 6.6406e-05
"24" 1545.057265346 1.00003862 6.6407e-05
"25" 1545.078098847 0.999895525 6.6414e-05
"26" 1545.098932348 0.999884937 6.6416e-05
"27" 1545.119765848 0.999797529 6.6423e-05
"28" 1545.140599347 0.999909986 6.6418e-05
"29" 1545.161432846 0.999887947 6.6417e-05
"30" 1545.182266345 0.999996829 6.6416e-05
"31" 1545.203099843 1.000045282 6.6415e-05
"32" 1545.22393334 1.000077489 6.6409e-05
"33" 1545.244766837 0.999995486 6.6407e-05
"34" 1545.265600333 0.999826754 6.6406e-05
"35" 1545.286433829 0.999957714 6.6404e-05
"36" 1545.307267324 1.000049907 6.6408e-05
"37" 1545.328100819 0.999968719 6.6409e-05
"38" 1545.348934312 0.99990254 6.6413e-05
"39" 1545.369767806 1.000024267 6.6408e-05
"40" 1545.390601299 0.9999285 6.6414e-05
"41" 1545.411434791 0.999941574 6.641e-05
"42" 1545.432268282 0.999927448 6.6411e-05
"43" 1545.453101773 1.000005422 6.6411e-05
"44" 1545.473935264 1.000080238 6.6405e-05
"45" 1545.494768754 1.000030116 6.6408e-05
"46" 1545.515602243 1.00001716 6.6408e-05
"47" 1545.536435731 0.999932849 6.6409e-05
"48" 1545.557269219 0.999827549 6.6406e-05
"49" 1545.578102707 0.999956471 6.6396e-05
"50" 1545.598936193 0.999935952 6.6393e-05
"51" 1545.61976968 1.000103587 6.6393e-05
"52" 1545.640603165 0.999916243 6.6403e-05
"53" 1545.66143665 1.000085517 6.64e-05
"54" 1545.682270134 0.999982922 6.6408e-05
"55" 1545.703103618 0.999976385 6.6413e-05
"56" 1545.723937101 1.000044435 6.6406e-05
"57" 1545.744770583 0.999948538 6.6409e-05
"58" 1545.765604065 0.999797348 6.641e-05
"59" 1545.786437546 0.999753459 6.641e-05
"60" 1545.807271026 1.000051609 6.6404e-05
"61" 1545.828104506 1.00007964 6.6404e-05
"62" 1545.848937985 1.000082291 6.6399e-05
"63" 1545.869771463 1.000011165 6.6403e-05
"64" 1545.890604941 0.999829715 6.6411e-05
"65" 1545.911438418 0.999905185 6.6404e-05
"66" 1545.932271895 0.999893034 6.6403e-05
"67" 1545.95310537 0.99983233 6.6403e-05
"68" 1545.973938845 1.000011263 6.6401e-05
"69" 1545.99477232 1.000031834 6.6399e-05
"70" 1546.015605793 0.999888748 6.6404e-05
"71" 1546.036439267 0.999974766 6.6402e-05
"72" 1546.057272739 0.999884346 6.6407e-05
"73" 1546.078106211 0.999922022 6.6407e-05
"74" 1546.098939682 0.999911409 6.64e-05
"75" 1546.119773152 0.999962643 6.6395e-05
"76" 1546.140606622 1.000006123 6.6396e-05
"77" 1546.161440091 1.000059333 6.6394e-05
"78" 1546.182273559 0.999916477 6.6397e-05
"79" 1546.203107027 1.000000356 6.6397e-05
"80" 1546.223940494 1.000035622 6.6395e-05
"81" 1546.24477396 0.999806637 6.6398e-05
"82" 1546.265607426 1.000020966 6.6397e-05
"83" 1546.28644089 1.000053076 6.6394e-05
"84" 1546.307274355 0.999892728 6.6404e-05
"85" 1546.328107815 0.999935156 6.6409e-05
"86" 1546.348941277 1.000047164 6.6401e-05
"87" 1546.369774739 1.000012586 6.6402e-05
"88" 1546.390594695 NA NA
"89" 1546.411441661 0.999970003 6.6401e-05
"90" 1546.432275121 0.999974654 6.6403e-05
"91" 1546.45310858 1.00006905 6.6401e-05
"92" 1546.473942039 0.999943697 6.6402e-05
"93" 1546.494775497 1.000003015 6.6399e-05
"94" 1546.515608954 0.9998533 6.6407e-05
"95" 1546.53644241 0.999785006 6.6406e-05
"96" 1546.557275866 0.99980184 6.6402e-05
"97" 1546.578109321 1.000000058 6.6396e-05
"98" 1546.598942775 0.999993378 6.6394e-05
"99" 1546.619776229 0.9999907 6.6393e-05
"100" 1546.640609682 0.999891506 6.6392e-05
"101" 1546.661443134 1.000058376 6.6382e-05
"102" 1546.682276585 1.000041542 6.6381e-05
"103" 1546.703110036 0.999854431 6.6392e-05
"104" 1546.723943486 0.999825356 6.6401e-05
"105" 1546.744776935 0.999931263 6.6401e-05
"106" 1546.765610384 0.999864348 6.6403e-05
"107" 1546.786443832 0.999868361 6.64e-05
"108" 1546.807277279 0.999974103 6.6399e-05
"109" 1546.828110725 1.000071468 6.6397e-05
"110" 1546.848944171 1.000248316 6.6388e-05
"111" 1546.869777616 1.000025259 6.6402e-05
"112" 1546.89061106 0.999938796 6.6396e-05
"113" 1546.911444503 0.999876691 6.6399e-05
"114" 1546.932277946 1.000127051 6.6394e-05
"115" 1546.953111388 1.000101905 6.6394e-05
"116" 1546.973944829 1.000056374 6.6396e-05
"117" 1546.994778269 1.000004485 6.64e-05
"118" 1547.015611709 0.999938685 6.64e-05
"119" 1547.036445148 0.999954234 6.6402e-05
"120" 1547.057278586 1.000017235 6.6403e-05
"121" 1547.078112024 0.999871356 6.6409e-05
"122" 1547.098945461 0.99993475 6.6409e-05
"123" 1547.119778897 0.999960951 6.6412e-05
"124" 1547.140612332 0.999836749 6.6412e-05
"125" 1547.161445767 0.999975903 6.6404e-05
"126" 1547.182279201 0.999786225 6.6409e-05
"127" 1547.203112634 0.999605368 6.6409e-05
"128" 1547.223946066 0.999548427 6.6409e-05
"129" 1547.244779498 0.999663184 6.6407e-05
"130" 1547.265612928 0.999570869 6.641e-05
"131" 1547.286446359 0.999975822 6.6403e-05
"132" 1547.307279788 1.000091866 6.6399e-05
"133" 1547.328113217 0.999987019 6.6404e-05
"134" 1547.348946645 0.999932512 6.6402e-05
"135" 1547.369780071 0.999953023 6.6403e-05
"136" 1547.390613498 1.000016315 6.6397e-05
"137" 1547.411446924 1.000129526 6.6395e-05
"138" 1547.432280348 0.999980032 6.6401e-05
"139" 1547.453113772 0.999892134 6.6407e-05
"140" 1547.473947196 1.00008675 6.6396e-05
"141" 1547.494780618 0.999882127 6.6407e-05
"142" 1547.51561404 0.999948986 6.6404e-05
"143" 1547.536447461 0.999889773 6.6405e-05
"144" 1547.557280881 0.999851349 6.6407e-05
"145" 1547.578114301 1.000070378 6.6396e-05
"146" 1547.59894772 1.000063051 6.6393e-05
"147" 1547.619781138 0.999905446 6.6402e-05
"148" 1547.640614555 0.999859838 6.6402e-05
"149" 1547.661447972 1.00013321 6.6397e-05
"150" 1547.682281388 0.999977423 6.6399e-05
"151" 1547.703114803 0.999985154 6.6401e-05
"152" 1547.723948217 1.000017084 6.6392e-05
"153" 1547.744781631 1.000013256 6.6392e-05
"154" 1547.765615043 0.999978083 6.6392e-05
"155" 1547.786448455 0.999873953 6.6392e-05
"156" 1547.807281866 0.99995285 6.6395e-05
"157" 1547.828115277 0.999994037 6.6397e-05
"158" 1547.848948686 0.999933192 6.6398e-05
"159" 1547.869782095 0.999992197 6.6401e-05
"160" 1547.890615503 0.999962954 6.6398e-05
"161" 1547.91144891 0.999913636 6.6399e-05
"162" 1547.932282317 0.999896371 6.6404e-05
"163" 1547.953115723 0.999956422 6.6405e-05
"164" 1547.973949128 1.000201321 6.6399e-05
"165" 1547.994782532 0.999945254 6.6406e-05
"166" 1548.015615936 0.999966631 6.6405e-05
"167" 1548.036449338 1.000018911 6.6403e-05
"168" 1548.05728274 0.999976052 6.6406e-05
"169" 1548.078116141 1.0000426 6.6402e-05
"170" 1548.098949542 0.999913145 6.6402e-05
"171" 1548.119782941 0.999866295 6.6408e-05
"172" 1548.14061634 0.999841303 6.6406e-05
"173" 1548.161449738 1.000075688 6.6395e-05
"174" 1548.182283136 0.999899232 6.6409e-05
"175" 1548.203116532 0.999872555 6.6405e-05
"176" 1548.223949928 0.999909474 6.64e-05
"177" 1548.244783323 0.999881813 6.6405e-05
"178" 1548.265616717 1.000056962 6.6401e-05
"179" 1548.28645011 0.999881311 6.6404e-05
"180" 1548.307283503 0.999931449 6.6401e-05
"181" 1548.328116895 0.999880208 6.64e-05
"182" 1548.348950286 1.000004702 6.6402e-05
"183" 1548.369783676 1.00007213 6.6407e-05
"184" 1548.390617065 0.999883161 6.641e-05
"185" 1548.411450454 0.999942968 6.6407e-05
"186" 1548.432283842 0.999985372 6.6406e-05
"187" 1548.453117229 1.000073762 6.6404e-05
"188" 1548.473950615 0.999917715 6.6407e-05
"189" 1548.494784 0.99996849 6.6403e-05
"190" 1548.515617385 0.999888966 6.64e-05
"191" 1548.536450769 1.000045553 6.6399e-05
"192" 1548.557284152 1.000029292 6.6401e-05
"193" 1548.578117535 1.000008962 6.64e-05
"194" 1548.598950916 0.999955455 6.6404e-05
"195" 1548.619784297 0.999845264 6.6412e-05
"196" 1548.640617677 0.999960475 6.6409e-05
"197" 1548.661451056 1.000113491 6.6404e-05
"198" 1548.682284435 1.000041715 6.6406e-05
"199" 1548.703117812 0.999998148 6.6411e-05
"200" 1548.723951189 0.999963028 6.6411e-05
"201" 1548.744784565 1.000042802 6.6407e-05
"202" 1548.76561794 0.999936648 6.6407e-05
"203" 1548.786451315 0.999971576 6.6408e-05
"204" 1548.807284688 0.999785136 6.6412e-05
"205" 1548.828118061 0.999942156 6.6401e-05
"206" 1548.848951433 0.999996018 6.6393e-05
"207" 1548.869784804 0.99993673 6.6397e-05
"208" 1548.890618175 0.999951108 6.64e-05
"209" 1548.911451544 1.000054442 6.6399e-05
"210" 1548.932284913 0.999888793 6.6411e-05
"211" 1548.953118281 1.00004363 6.6411e-05
"212" 1548.973951648 0.999945451 6.6413e-05
"213" 1548.994785015 0.999927693 6.6412e-05
"214" 1549.01561838 1.000062491 6.6411e-05
"215" 1549.036451745 0.999941501 6.6417e-05
"216" 1549.057285109 0.999960597 6.6417e-05
"217" 1549.078118472 1.000066511 6.6414e-05
"218" 1549.098951834 0.999954624 6.6419e-05
"219" 1549.119785196 0.999805198 6.6427e-05
"220" 1549.140618556 0.999912556 6.6417e-05
"221" 1549.161451916 1.000062095 6.6403e-05
"222" 1549.182285276 0.999951562 6.6408e-05
"223" 1549.203118634 0.999999304 6.6411e-05
"224" 1549.223951991 0.999908615 6.6412e-05
"225" 1549.244785348 0.999917839 6.6411e-05
"226" 1549.265618704 1.000091414 6.6404e-05
"227" 1549.286452059 0.999874842 6.6413e-05
"228" 1549.307285413 0.999978957 6.6408e-05
"229" 1549.328118767 0.999985221 6.6407e-05
"230" 1549.348952119 0.999920088 6.6409e-05
"231" 1549.369785471 0.999902911 6.6411e-05
"232" 1549.390618821 0.999915666 6.6407e-05
"233" 1549.411452168 1.000089045 6.6397e-05
"234" 1549.432285517 0.999854544 6.6411e-05
"235" 1549.453118865 0.999765051 6.6413e-05
"236" 1549.473952213 0.999803435 6.6407e-05
"237" 1549.49478556 1.000017741 6.6404e-05
"238" 1549.515594695 NA NA
"239" 1549.536452251 1.000180617 6.6395e-05
"240" 1549.557285595 0.999936911 6.6406e-05
"241" 1549.578118939 1.000160898 6.6403e-05
"242" 1549.598952281 0.999843309 6.6409e-05
"243" 1549.619785623 1.000001543 6.6404e-05
"244" 1549.640618965 0.999985742 6.6409e-05
"245" 1549.661452305 0.999992702 6.6408e-05
"246" 1549.682285644 1.000036158 6.6403e-05
"247" 1549.703118983 1.000048584 6.6399e-05
"248" 1549.72395232 0.999875582 6.6406e-05
"249" 1549.744785657 0.999949761 6.6401e-05
"250" 1549.765618993 0.99994878 6.6401e-05
"251" 1549.786452328 0.999962329 6.6404e-05
"252" 1549.807285663 1.000015113 6.6401e-05
"253" 1549.828118996 0.999980664 6.6397e-05
"254" 1549.848952329 0.999991359 6.6399e-05
"255" 1549.869785661 1.00007367 6.6399e-05
"256" 1549.890618992 0.999900744 6.6404e-05
"257" 1549.911452322 1.000096693 6.6396e-05
"258" 1549.932285652 0.999877468 6.6408e-05
"259" 1549.95311898 1.000034299 6.6393e-05
"260" 1549.973952308 0.999881066 6.6396e-05
"261" 1549.994785634 0.999836445 6.6408e-05
"262" 1550.01561896 0.999969979 6.6406e-05
"263" 1550.036452286 0.999959792 6.6408e-05
"264" 1550.05728561 1.000018314 6.6411e-05
"265" 1550.078118933 1.000106341 6.6404e-05
"266" 1550.098952256 0.999981323 6.6405e-05
"267" 1550.119785577 1.000020611 6.6405e-05
"268" 1550.140618898 1.000032467 6.6407e-05
"269" 1550.161452218 0.999968535 6.6404e-05
"270" 1550.182285538 0.999840523 6.6411e-05
"271" 1550.203118856 0.999961815 6.641e-05
"272" 1550.223952173 0.99997122 6.6412e-05
"273" 1550.24478549 0.999821968 6.6415e-05
"274" 1550.265618806 1.000015742 6.6411e-05
"275" 1550.286452121 0.999841104 6.6417e-05
"276" 1550.307285435 0.999867252 6.6421e-05
"277" 1550.328118748 0.999962141 6.6414e-05
"278" 1550.34895206 0.999976271 6.6414e-05
"279" 1550.369785371 1.000038426 6.6409e-05
"280" 1550.390618682 1.000006652 6.6407e-05
"281" 1550.411451992 1.000087573 6.6408e-05
"282" 1550.4322853 0.999898764 6.6411e-05
"283" 1550.453118608 0.999926295 6.6408e-05
"284" 1550.473951915 0.999972633 6.6405e-05
"285" 1550.494785222 0.999965665 6.6404e-05
"286" 1550.515618527 1.000078132 6.6396e-05
"287" 1550.536451832 1.000031489 6.6402e-05
"288" 1550.557285135 0.999977563 6.6409e-05
"289" 1550.578118438 0.999927708 6.6409e-05
"290" 1550.59895174 1.000005984 6.6409e-05
"291" 1550.619785041 0.999947167 6.6414e-05
"292" 1550.640618341 0.999966395 6.6412e-05
"293" 1550.66145164 0.999917013 6.6415e-05
"294" 1550.682284939 1.000084321 6.6415e-05
"295" 1550.703118236 1.00007888 6.6411e-05
"296" 1550.723951533 1.000003118 6.6414e-05
"297" 1550.744784828 0.999936521 6.6415e-05
"298" 1550.765618123 0.999963745 6.6407e-05
"299" 1550.786451417 0.999889324 6.641e-05
"300" 1550.80728471 1.000038892 6.6411e-05
"301" 1550.828118002 0.999863006 6.6414e-05
"302" 1550.848951293 1.000001599 6.6411e-05
"303" 1550.869784584 0.999822219 6.6424e-05
"304" 1550.890617874 1.000003451 6.6411e-05
"305" 1550.911451162 1.000069497 6.6406e-05
"306" 1550.93228445 0.999879781 6.6417e-05
"307" 1550.953117737 0.99983246 6.641e-05
"308" 1550.973951022 0.999971818 6.6409e-05
"309" 1550.994784307 1.000079241 6.6409e-05
"310" 1551.015617592 0.999826732 6.641e-05
"311" 1551.036450875 0.99985286 6.6406e-05
"312" 1551.057284157 1.000006337 6.6403e-05
"313" 1551.078117438 0.999987392 6.6394e-05
"314" 1551.098950719 1.00003526 6.6395e-05
"315" 1551.119783999 0.999934385 6.641e-05
"316" 1551.140617277 1.000060704 6.6402e-05
"317" 1551.161450555 1.000028711 6.6408e-05
"318" 1551.182283831 0.999809602 6.6421e-05
"319" 1551.203117107 0.999690001 6.6424e-05
"320" 1551.223950383 0.999691573 6.6426e-05
"321" 1551.244783657 0.999751598 6.6428e-05
"322" 1551.26561693 0.999824302 6.6421e-05
"323" 1551.286450202 1.00014347 6.641e-05
"324" 1551.307283473 1.000063567 6.6412e-05
"325" 1551.328116743 1.000068859 6.641e-05
"326" 1551.348950013 0.999931407 6.6413e-05
"327" 1551.369783282 0.99997822 6.6416e-05
"328" 1551.390616549 1.000066525 6.641e-05
"329" 1551.411449816 0.999994517 6.6414e-05
"330" 1551.432283081 0.999933777 6.6415e-05
"331" 1551.453116346 0.999891231 6.6411e-05
"332" 1551.47394961 0.999970522 6.641e-05
"333" 1551.494782873 0.999926456 6.6413e-05
"334" 1551.515616135 0.999797834 6.6413e-05
"335" 1551.536449396 0.999796042 6.6417e-05
"336" 1551.557282656 0.999974898 6.6413e-05
"337" 1551.578115915 0.99996132 6.6409e-05
"338" 1551.598949173 0.999978746 6.6407e-05
"339" 1551.619782431 1.000073512 6.6404e-05
"340" 1551.640615686 0.99991891 6.6411e-05
"341" 1551.661448942 1.000088106 6.6409e-05
"342" 1551.682282196 0.999867744 6.6418e-05
"343" 1551.70311545 0.99997624 6.6414e-05
"344" 1551.723948702 0.999753263 6.642e-05
"345" 1551.744781954 0.999791416 6.6415e-05
"346" 1551.765615204 0.999994737 6.6408e-05
"347" 1551.786448454 1.000037397 6.641e-05
"348" 1551.807281702 0.999825942 6.6413e-05
"349" 1551.82811495 0.999812872 6.6416e-05
"350" 1551.848948197 0.999984079 6.6414e-05
"351" 1551.869781442 0.999961946 6.6415e-05
"352" 1551.890614687 1.000023955 6.6417e-05
"353" 1551.91144793 1.000088708 6.6419e-05
"354" 1551.932281173 0.999839962 6.6424e-05
"355" 1551.953114415 1.000074076 6.6417e-05
"356" 1551.973947655 0.999887206 6.6423e-05
"357" 1551.994780895 1.000044563 6.6413e-05
"358" 1552.015614134 0.999905733 6.6418e-05
"359" 1552.036447372 0.999830394 6.6418e-05
"360" 1552.057280608 0.999994484 6.6411e-05
"361" 1552.078113844 0.999980345 6.6415e-05
"362" 1552.098947079 0.99984551 6.6417e-05
"363" 1552.119780312 0.999963189 6.6411e-05
"364" 1552.140613545 0.99996205 6.641e-05
"365" 1552.161446777 0.9999477 6.6408e-05
"366" 1552.182280008 0.999973074 6.6407e-05
"367" 1552.203113237 1.000148552 6.641e-05
"368" 1552.223946466 1.000030693 6.6416e-05
"369" 1552.244779693 1.000081348 6.6415e-05
"370" 1552.26561292 0.999950012 6.6426e-05
"371" 1552.286446145 0.999960267 6.6419e-05
"372" 1552.30727937 0.999967458 6.6422e-05
"373" 1552.328112594 1.000066103 6.6422e-05
"374" 1552.348945816 1.000052739 6.6415e-05
"375" 1552.369779037 0.999994236 6.642e-05
"376" 1552.390612258 1.000001848 6.6419e-05
"377" 1552.411445477 0.99988195 6.642e-05
"378" 1552.432278695 0.999916846 6.6422e-05
"379" 1552.453111912 0.999955432 6.642e-05
"380" 1552.473945129 1.000018019 6.6415e-05
"381" 1552.494778338 0.999986321 6.6424e-05
"382" 1552.515611552 1.000004607 6.6414e-05
"383" 1552.536444765 0.999759424 6.642e-05
"384" 1552.557277977 0.999909646 6.642e-05
"385" 1552.578111188 0.999871967 6.6416e-05
"386" 1552.598944397 0.999914684 6.642e-05
"387" 1552.619777606 0.999963889 6.6417e-05
"388" 1552.640594695 NA NA
"389" 1552.66144402 1.000014798 6.6411e-05
"390" 1552.682277225 0.999955409 6.6407e-05
"391" 1552.703110429 0.999982125 6.6402e-05
"392" 1552.723943633 1.000078534 6.6396e-05
"393" 1552.744776835 1.000179594 6.6397e-05
"394" 1552.765610036 0.999905145 6.641e-05
"395" 1552.786443235 0.99989795 6.6409e-05
"396" 1552.807276434 0.999968261 6.6408e-05
"397" 1552.828109632 0.99991653 6.6416e-05
"398" 1552.848942828 0.999926754 6.6409e-05
"399" 1552.869776024 0.999992171 6.6412e-05
"400" 1552.890609218 0.999975093 6.6411e-05
"401" 1552.911442411 0.99997311 6.6405e-05
"402" 1552.932275603 0.999793423 6.6415e-05
"403" 1552.953108793 1.000022352 6.6408e-05
"404" 1552.973941983 1.000005513 6.6403e-05
"405" 1552.994775171 1.000045504 6.6408e-05
"406" 1553.015608359 0.999938761 6.6407e-05
"407" 1553.036441545 0.9997927 6.6405e-05
"408" 1553.05727473 1.000034911 6.6399e-05
"409" 1553.078107914 0.999809721 6.6402e-05
"410" 1553.098941096 0.999979227 6.6399e-05
"411" 1553.119774278 1.000067501 6.6397e-05
"412" 1553.140607458 0.999915798 6.6402e-05
"413" 1553.161440637 0.999974969 6.6404e-05
"414" 1553.182273814 1.000264978 6.6395e-05
"415" 1553.203106991 1.000061268 6.64e-05
"416" 1553.223940166 0.999789794 6.6404e-05
"417" 1553.24477334 1.000008807 6.6391e-05
"418" 1553.265606513 0.999995381 6.6389e-05
"419" 1553.286439685 0.999980894 6.6397e-05
"420" 1553.307272855 0.999898812 6.6402e-05
"421" 1553.328106025 1.000073052 6.6398e-05
"422" 1553.348939192 0.999933746 6.6397e-05
"423" 1553.369772359 0.999967983 6.6395e-05
"424" 1553.390605524 0.999826358 6.64e-05
"425" 1553.411438688 0.999765985 6.64e-05
"426" 1553.432271851 0.999859454 6.6401e-05
"427" 1553.453105013 1.000060503 6.6396e-05
"428" 1553.473938173 0.999969745 6.64e-05
"429" 1553.494771331 0.999950331 6.641e-05
"430" 1553.515604489 1.000003582 6.6405e-05
"431" 1553.536437645 0.999914116 6.6411e-05
"432" 1553.557270801 1.000115414 6.6403e-05
"433" 1553.578103954 1.000033299 6.6404e-05
"434" 1553.598937106 0.999943308 6.6408e-05
"435" 1553.619770257 0.999909548 6.641e-05
"436" 1553.640603407 0.999936921 6.6407e-05
"437" 1553.661436555 0.999926777 6.6404e-05
"438" 1553.682269701 1.000068655 6.6399e-05
"439" 1553.703102847 0.999974558 6.6408e-05
"440" 1553.723935991 0.999887199 6.6406e-05
"441" 1553.744769134 0.999866952 6.6408e-05
"442" 1553.765602275 1.000027811 6.6405e-05
"443" 1553.786435414 1.000002884 6.64e-05
"444" 1553.807268553 0.999890408 6.641e-05
"445" 1553.82810169 0.999910275 6.6406e-05
"446" 1553.848934825 1.000060576 6.6406e-05
"447" 1553.869767959 1.000039654 6.6413e-05
"448" 1553.890601092 0.999956555 6.6409e-05
"449" 1553.911434223 0.999928843 6.6413e-05
"450" 1553.932267352 1.000006636 6.6407e-05
"451" 1553.95310048 1.000013717 6.6406e-05
"452" 1553.973933607 1.000063384 6.6407e-05
"453" 1553.994766732 0.999909806 6.6403e-05
"454" 1554.015599855 0.999933556 6.6407e-05
"455" 1554.036432977 0.999838642 6.6404e-05
"456" 1554.057266098 0.99987771 6.6404e-05
"457" 1554.078099216 1.000033499 6.6402e-05
"458" 1554.098932333 1.000069244 6.6395e-05
"459" 1554.119765449 0.999935066 6.6403e-05
"460" 1554.140598563 0.999913151 6.64e-05
"461" 1554.161431675 0.999809107 6.6405e-05
"462" 1554.182264786 1.000040541 6.64e-05
"463" 1554.203097895 0.999962808 6.6403e-05
"464" 1554.223931002 1.000056409 6.6404e-05
"465" 1554.244764108 0.999913778 6.6407e-05
"466" 1554.265597212 0.999974525 6.6402e-05
"467" 1554.286430314 0.999979489 6.6402e-05
"468" 1554.307263415 0.999795401 6.6397e-05
"469" 1554.328096513 0.999926776 6.6391e-05
"470" 1554.34892961 0.999995007 6.6378e-05
"471" 1554.369762706 1.000068411 6.6382e-05
"472" 1554.390595799 0.999938833 6.6392e-05
"473" 1554.411428891 1.000023684 6.6392e-05
"474" 1554.43226198 1.000021618 6.6399e-05
"475" 1554.453095068 0.999939482 6.64e-05
"476" 1554.473928155 0.999985735 6.64e-05
"477" 1554.494761239 1.000025473 6.6397e-05
"478" 1554.515594321 1.000120581 6.6393e-05
"479" 1554.536427401 0.999983225 6.6398e-05
"480" 1554.557260479 0.999897191 6.6398e-05
"481" 1554.578093556 1.000087869 6.6396e-05
"482" 1554.59892663 0.999917036 6.6395e-05
"483" 1554.619759703 0.999927403 6.6398e-05
"484" 1554.640592773 0.99999246 6.6396e-05
"485" 1554.661425841 0.999837015 6.6393e-05
"486" 1554.682258908 0.999893565 6.6397e-05
"487" 1554.703091972 0.999863968 6.6394e-05
"488" 1554.723925034 0.999957112 6.6391e-05
"489" 1554.744758094 1.000030756 6.6396e-05
"490" 1554.765591152 0.999977288 6.6397e-05
"491" 1554.786424208 1.000085505 6.6393e-05
"492" 1554.807257261 0.999915745 6.6399e-05
"493" 1554.828090312 0.999973549 6.6399e-05
"494" 1554.848923361 1.000089261 6.6387e-05
"495" 1554.869756408 1.000010389 6.6391e-05
"496" 1554.890589452 0.999864191 6.6393e-05
"497" 1554.911422494 0.999938434 6.6386e-05
"498" 1554.932255534 0.999846871 6.6399e-05
"499" 1554.953088571 0.999973544 6.6391e-05
"500" 1554.973921606 1.000014856 6.639e-05
"501" 1554.994754639 1.000100366 6.6387e-05
"502" 1555.015587669 0.999861874 6.6389e-05
"503" 1555.036420697 0.999933043 6.6387e-05
"504" 1555.057253722 0.999989182 6.6386e-05
"505" 1555.078086745 1.000068778 6.6387e-05
"506" 1555.098919765 0.99993658 6.6385e-05
"507" 1555.119752783 1.000034486 6.6389e-05
"508" 1555.140585798 0.99995347 6.6387e-05
"509" 1555.161418811 0.999875125 6.639e-05
"510" 1555.182251821 0.999491618 6.6407e-05
"511" 1555.203084828 0.999586452 6.6397e-05
"512" 1555.223917833 0.999728907 6.6396e-05
"513" 1555.244750836 0.999664102 6.6394e-05
"514" 1555.265583836 0.999978991 6.6383e-05
"515" 1555.286416833 1.00003086 6.6376e-05
"516" 1555.307249828 0.999979085 6.638e-05
"517" 1555.32808282 1.000074731 6.6375e-05
"518" 1555.34891581 0.999929478 6.6376e-05
"519" 1555.369748798 1.000129346 6.6376e-05
"520" 1555.390581783 0.999880379 6.6374e-05
"521" 1555.411414766 0.999956607 6.637e-05
"522" 1555.432247746 0.999881052 6.6368e-05
"523" 1555.453080724 0.999823814 6.6366e-05
"524" 1555.4739137 0.999978154 6.6367e-05
"525" 1555.494746674 1.000061487 6.6369e-05
"526" 1555.515579646 0.999953313 6.6372e-05
"527" 1555.536412617 0.999935107 6.6373e-05
"528" 1555.55726136167 NA NA
"529" 1555.578094695 NA NA
"530" 1555.59892802833 NA NA
"531" 1555.61976136167 NA NA
"532" 1555.640594695 NA NA
"533" 1555.66142802833 NA NA
"534" 1555.68226136167 NA NA
"535" 1555.703094695 NA NA
"536" 1555.72392802833 NA NA
"537" 1555.74476136167 NA NA
"538" 1555.765594695 NA NA
"539" 1555.78642802833 NA NA
"540" 1555.80726136167 NA NA
"541" 1555.828094695 NA NA
"542" 1555.84892802833 NA NA
"543" 1555.86976136167 NA NA
"544" 1555.890594695 NA NA
"545" 1555.91142802833 NA NA
"546" 1555.93226136167 NA NA
"547" 1555.953094695 NA NA
"548" 1555.97392802833 NA NA
"549" 1555.99476136167 NA NA
"550" 1556.015594695 NA NA
"551" 1556.03642802833 NA NA
"552" 1556.05726136167 NA NA
"553" 1556.078094695 NA NA
"554" 1556.09892802833 NA NA
"555" 1556.11976136167 NA NA
"556" 1556.140594695 NA NA
"557" 1556.16142802833 NA NA
"558" 1556.18226136167 NA NA
"559" 1556.203094695 NA NA
"560" 1556.22392802833 NA NA
"561" 1556.24476136167 NA NA
"562" 1556.265594695 NA NA
"563" 1556.28642802833 NA NA
"564" 1556.30726136167 NA NA
"565" 1556.328094695 NA NA
"566" 1556.34892802833 NA NA
"567" 1556.36976136167 NA NA
"568" 1556.390594695 NA NA
"569" 1556.41142802833 NA NA
"570" 1556.43226136167 NA NA
"571" 1556.453094695 NA NA
"572" 1556.47392802833 NA NA
"573" 1556.49476136167 NA NA
"574" 1556.515594695 NA NA
"575" 1556.53642802833 NA NA
"576" 1556.55726136167 NA NA
"577" 1556.578094695 NA NA
"578" 1556.59892802833 NA NA
"579" 1556.61976136167 NA NA
"580" 1556.640594695 NA NA
"581" 1556.66142802833 NA NA
"582" 1556.68226136167 NA NA
"583" 1556.703094695 NA NA
"584" 1556.72392802833 NA NA
"585" 1556.74476136167 NA NA
"586" 1556.765594695 NA NA
"587" 1556.78642802833 NA NA
"588" 1556.80726136167 NA NA
"589" 1556.828094695 NA NA
"590" 1556.84892802833 NA NA
"591" 1556.86976136167 NA NA
"592" 1556.890594695 NA NA
"593" 1556.91142802833 NA NA
"594" 1556.93226136167 NA NA
"595" 1556.953094695 NA NA
"596" 1556.97392802833 NA NA
"597" 1556.994725239 0.999089525 6.6331e-05
"598" 1557.015594695 NA NA
"599" 1557.03642802833 NA NA
"600" 1557.05726136167 NA NA
"601" 1557.078094695 NA NA
"602" 1557.09892802833 NA NA
"603" 1557.11976136167 NA NA
"604" 1557.140594695 NA NA
"605" 1557.16142802833 NA NA
"606" 1557.18226136167 NA NA
"607" 1557.203094695 NA NA
"608" 1557.22392802833 NA NA
"609" 1557.24476136167 NA NA
"610" 1557.265594695 NA NA
"611" 1557.28642802833 NA NA
"612" 1557.30726136167 NA NA
"613" 1557.328055183 0.999783698 6.6353e-05
"614" 1557.348888307 0.999801453 6.635e-05
"615" 1557.369721431 0.999868093 6.6349e-05
"616" 1557.390594695 NA NA
"617" 1557.411387679 0.999979612 6.6348e-05
"618" 1557.432220803 0.999934589 6.6346e-05
"619" 1557.453053927 0.9999708 6.6349e-05
"620" 1557.47392802833 NA NA
"621" 1557.49476136167 NA NA
"622" 1557.515553299 1.000040949 6.6344e-05
"623" 1557.536386423 0.999928313 6.6344e-05
"624" 1557.55726136167 NA NA
"625" 1557.57805267 1.000102997 6.6334e-05
"626" 1557.59892802833 NA NA
"627" 1557.61976136167 NA NA
"628" 1557.640594695 NA NA
"629" 1557.66142802833 NA NA
"630" 1557.68226136167 NA NA
"631" 1557.703094695 NA NA
"632" 1557.723884532 0.999968775 6.6341e-05
"633" 1557.74476136167 NA NA
"634" 1557.765594695 NA NA
"635" 1557.78642802833 NA NA
"636" 1557.80726136167 NA NA
"637" 1557.828094695 NA NA
"638" 1557.84892802833 NA NA
"639" 1557.86976136167 NA NA
"640" 1557.890594695 NA NA
"641" 1557.91142802833 NA NA
"642" 1557.93226136167 NA NA
"643" 1557.953094695 NA NA
"644" 1557.97392802833 NA NA
"645" 1557.99476136167 NA NA
"646" 1558.015594695 NA NA
"647" 1558.03642802833 NA NA
"648" 1558.05726136167 NA NA
"649" 1558.078047566 0.999961428 6.6331e-05
"650" 1558.09892802833 NA NA
"651" 1558.11976136167 NA NA
"652" 1558.140546913 0.999958337 6.633e-05
"653" 1558.16142802833 NA NA
"654" 1558.18226136167 NA NA
"655" 1558.203094695 NA NA
"656" 1558.22392802833 NA NA
"657" 1558.24476136167 NA NA
"658" 1558.265545597 1.000025569 6.6321e-05
"659" 1558.28637871 0.999808858 6.6327e-05
"660" 1558.307211822 0.999887928 6.6333e-05
"661" 1558.328044933 0.999903123 6.633e-05
"662" 1558.348878044 0.999920326 6.633e-05
"663" 1558.369711154 1.000001249 6.6333e-05
"664" 1558.390544264 0.999982882 6.633e-05
"665" 1558.411377374 1.000016164 6.6334e-05
"666" 1558.432210482 1.00001263 6.6329e-05
"667" 1558.453043591 1.000053291 6.6329e-05
"668" 1558.473876699 0.999896943 6.6334e-05
"669" 1558.494709806 0.999989181 6.6335e-05
"670" 1558.515594695 NA NA
"671" 1558.536376019 0.99988722 6.633e-05
"672" 1558.557209125 1.000027628 6.6327e-05
"673" 1558.578094695 NA NA
"674" 1558.59892802833 NA NA
"675" 1558.61976136167 NA NA
"676" 1558.640594695 NA NA
"677" 1558.66142802833 NA NA
"678" 1558.68226136167 NA NA
"679" 1558.703094695 NA NA
"680" 1558.72392802833 NA NA
"681" 1558.74476136167 NA NA
"682" 1558.765594695 NA NA
"683" 1558.78642802833 NA NA
"684" 1558.80726136167 NA NA
"685" 1558.828094695 NA NA
"686" 1558.84892802833 NA NA
"687" 1558.86976136167 NA NA
"688" 1558.890594695 NA NA
"689" 1558.91142802833 NA NA
"690" 1558.93226136167 NA NA
"691" 1558.953094695 NA NA
"692" 1558.97392802833 NA NA
"693" 1558.99476136167 NA NA
"694" 1559.015594695 NA NA
"695" 1559.03642802833 NA NA
"696" 1559.05726136167 NA NA
"697" 1559.078094695 NA NA
"698" 1559.098869672 1.000027896 6.633e-05
"699" 1559.119702762 0.999991146 6.6326e-05
"700" 1559.140535851 0.999902298 6.6332e-05
"701" 1559.16136894 0.999764771 6.6331e-05
"702" 1559.182202028 0.999589771 6.6341e-05
"703" 1559.203035115 0.999583488 6.6337e-05
"704" 1559.223868201 0.999521631 6.6341e-05
"705" 1559.244701288 0.999807489 6.6326e-05
"706" 1559.265534373 0.99995135 6.6317e-05
"707" 1559.286367458 0.999917898 6.6319e-05
"708" 1559.307200542 0.999852209 6.6322e-05
"709" 1559.328033625 1.000045936 6.6322e-05
"710" 1559.348866708 1.000004604 6.6324e-05
"711" 1559.369699791 1.000036968 6.6328e-05
"712" 1559.390532872 0.999966245 6.6326e-05
"713" 1559.411365953 0.99997348 6.6331e-05
"714" 1559.432199033 0.999934246 6.6328e-05
"715" 1559.453032113 1.000061631 6.6323e-05
"716" 1559.473865192 1.000110569 6.6315e-05
"717" 1559.49469827 0.999927779 6.6323e-05
"718" 1559.515531348 0.999990596 6.6318e-05
"719" 1559.536364425 1.000014301 6.632e-05
"720" 1559.557197501 1.000064983 6.6319e-05
"721" 1559.578030576 0.999960858 6.6324e-05
"722" 1559.598863651 0.999936178 6.6325e-05
"723" 1559.619696725 1.000005802 6.6325e-05
"724" 1559.640529799 0.999999918 6.6332e-05
"725" 1559.661362872 0.999894396 6.6328e-05
"726" 1559.682195942 0.9999935 6.6333e-05
"727" 1559.703029013 1.000025922 6.6326e-05
"728" 1559.723862084 0.999948887 6.6331e-05
"729" 1559.744695154 1.000005094 6.6327e-05
"730" 1559.765528224 0.999884403 6.633e-05
"731" 1559.786361292 0.999846146 6.6321e-05
"732" 1559.80719436 0.999860029 6.6324e-05
"733" 1559.828027428 0.999937326 6.6313e-05
"734" 1559.848860495 0.99973323 6.6318e-05
"735" 1559.869693561 0.999893369 6.6316e-05
"736" 1559.890526626 0.999910354 6.6317e-05
"737" 1559.91142802833 NA NA
"738" 1559.932192755 0.999922064 6.6312e-05
"739" 1559.953025818 0.999968408 6.6308e-05
"740" 1559.973858881 0.999963586 6.6307e-05
"741" 1559.994691943 0.999792328 6.6315e-05
"742" 1560.015525004 0.99994192 6.6307e-05
"743" 1560.036358065 0.999998864 6.6311e-05
"744" 1560.057191125 0.999927571 6.6309e-05
"745" 1560.078024184 1.00004862 6.6305e-05
"746" 1560.098857243 1.00006371 6.6301e-05
"747" 1560.1196903 0.99989468 6.6319e-05
"748" 1560.140523357 0.999904782 6.6308e-05
"749" 1560.161356414 1.000034425 6.6305e-05
"750" 1560.182189469 0.999837482 6.6307e-05
"751" 1560.203022524 0.999905929 6.6302e-05
"752" 1560.223855579 1.00000461 6.6304e-05
"753" 1560.244688632 0.999975498 6.6305e-05
"754" 1560.265521685 0.999938899 6.6305e-05
"755" 1560.286354737 0.999981413 6.6306e-05
"756" 1560.307187788 1.000079265 6.6301e-05
"757" 1560.328020839 1.000012675 6.6303e-05
"758" 1560.348853889 0.999916719 6.6307e-05
"759" 1560.369686938 1.000106984 6.6293e-05
"760" 1560.390519987 0.999902704 6.6299e-05
"761" 1560.411353034 1.000124514 6.6293e-05
"762" 1560.432186082 0.999999381 6.6298e-05
"763" 1560.453019128 0.999822171 6.631e-05
"764" 1560.473852174 1.000085977 6.6301e-05
"765" 1560.494685219 0.99982851 6.6299e-05
"766" 1560.515518263 0.999892823 6.6292e-05
"767" 1560.536351307 0.999830747 6.6294e-05
"768" 1560.557184349 0.999838806 6.6298e-05
"769" 1560.578017391 0.999905498 6.6291e-05
"770" 1560.598850433 0.999999802 6.6299e-05
"771" 1560.619683473 1.000013013 6.6295e-05
"772" 1560.640516513 1.00002931 6.6297e-05
"773" 1560.661349552 1.000063067 6.6297e-05
"774" 1560.682182591 1.000017224 6.6301e-05
"775" 1560.703015629 0.999921166 6.6299e-05
"776" 1560.723848666 0.999952364 6.6303e-05
"777" 1560.744681702 1.000025044 6.6298e-05
"778" 1560.765514737 1.000003058 6.6302e-05
"779" 1560.786347773 0.999990756 6.63e-05
"780" 1560.807180806 1.000033927 6.6305e-05
"781" 1560.82801384 1.000021174 6.6297e-05
"782" 1560.848846872 0.999940069 6.6304e-05
"783" 1560.869679904 1.000020436 6.6294e-05
"784" 1560.890512936 0.999890435 6.6298e-05
"785" 1560.911345966 0.999956099 6.6288e-05
"786" 1560.932178996 1.000028312 6.6287e-05
"787" 1560.953012024 0.999911614 6.6298e-05
"788" 1560.973845053 0.999934134 6.6307e-05
"789" 1560.99467808 0.999980987 6.6307e-05
"790" 1561.015511107 0.999956879 6.6309e-05
"791" 1561.036344133 0.999984496 6.6301e-05
"792" 1561.057177158 1.000097514 6.6301e-05
"793" 1561.078010182 1.000032573 6.63e-05
"794" 1561.098843206 0.999971491 6.6299e-05
"795" 1561.119676229 0.999777919 6.6305e-05
"796" 1561.140509251 0.999935335 6.6296e-05
"797" 1561.161342273 1.00007203 6.6295e-05
"798" 1561.182175294 0.999895686 6.6298e-05
"799" 1561.203008314 1.000082649 6.6297e-05
"800" 1561.223841333 0.999923757 6.6296e-05
"801" 1561.244674352 0.999888851 6.6301e-05
"802" 1561.26550737 1.000015425 6.6292e-05
"803" 1561.286340387 0.999993007 6.6299e-05
"804" 1561.307173403 0.999818195 6.6301e-05
"805" 1561.328006418 0.999997119 6.6298e-05
"806" 1561.348839433 1.000029879 6.6293e-05
"807" 1561.369672447 1.000136619 6.6296e-05
"808" 1561.390505461 0.999978743 6.6297e-05
"809" 1561.411338473 1.000020769 6.6298e-05
"810" 1561.432171485 0.999943499 6.6297e-05
"811" 1561.453004496 0.999778268 6.63e-05
"812" 1561.473837506 0.999842189 6.6291e-05
"813" 1561.494670516 1.000018696 6.6295e-05
"814" 1561.515503524 0.99993387 6.6293e-05
"815" 1561.536336532 0.999972613 6.6299e-05
"816" 1561.55716954 1.000090858 6.6294e-05
"817" 1561.578002546 1.00002783 6.6297e-05
"818" 1561.598835552 0.999916756 6.6296e-05
"819" 1561.619668557 0.999926285 6.6304e-05
"820" 1561.640501561 0.999873867 6.6299e-05
"821" 1561.661334564 0.999923925 6.6302e-05
"822" 1561.682167567 0.99986196 6.6303e-05
"823" 1561.703000569 0.999955858 6.6301e-05
"824" 1561.72383357 1.000055765 6.6296e-05
"825" 1561.74466657 0.999932454 6.6303e-05
"826" 1561.76549957 0.999902005 6.6296e-05
"827" 1561.786332569 1.000110932 6.6295e-05
"828" 1561.807165567 0.999966211 6.6293e-05
"829" 1561.827998564 1.000062593 6.6292e-05
"830" 1561.848831561 1.000026846 6.6291e-05
"831" 1561.869664557 0.999908128 6.6302e-05
"832" 1561.890497552 0.999920564 6.6297e-05
"833" 1561.911330546 1.000145493 6.6296e-05
"834" 1561.93216354 0.999898436 6.63e-05
"835" 1561.952996532 1.00000406 6.6299e-05
"836" 1561.973829524 0.999930967 6.6297e-05
"837" 1561.994662515 0.999923033 6.6296e-05
"838" 1562.015495506 0.999905347 6.6287e-05
"839" 1562.036328495 0.999899618 6.6293e-05
"840" 1562.057161484 0.999818384 6.6295e-05
"841" 1562.077994472 0.999941388 6.6302e-05
"842" 1562.098827459 1.000033033 6.6294e-05
"843" 1562.119660446 0.999998574 6.6297e-05
"844" 1562.140493431 1.000053967 6.6289e-05
"845" 1562.161326417 1.00003612 6.6292e-05
"846" 1562.182159401 0.999972383 6.6295e-05
"847" 1562.202992384 1.00003657 6.6295e-05
"848" 1562.223825367 1.000077308 6.6293e-05
"849" 1562.244658349 0.999921383 6.6303e-05
"850" 1562.26549133 1.000000098 6.6298e-05
"851" 1562.28632431 0.999920166 6.6307e-05
"852" 1562.307157289 1.000046154 6.6298e-05
"853" 1562.327990268 0.999981062 6.6299e-05
"854" 1562.348823246 0.999990101 6.6299e-05
"855" 1562.369656223 0.99993846 6.6296e-05
"856" 1562.390489199 0.999859736 6.6303e-05
"857" 1562.411322175 0.99991984 6.6297e-05
"858" 1562.432155149 0.999964342 6.6298e-05
"859" 1562.452988123 0.999859027 6.6297e-05
"860" 1562.473821097 0.99992924 6.6294e-05
"861" 1562.494654069 0.999946155 6.6294e-05
"862" 1562.515487041 1.000075429 6.6291e-05
"863" 1562.536320012 0.999935683 6.6292e-05
"864" 1562.557152981 0.999974032 6.6293e-05
"865" 1562.577985951 0.999878714 6.6291e-05
"866" 1562.598818919 0.999920454 6.6297e-05
"867" 1562.619651883 1.000023452 6.6299e-05
"868" 1562.640484851 0.999905667 6.6305e-05
"869" 1562.661317816 1.000031984 6.6301e-05
"870" 1562.682150782 1.000014914 6.6301e-05
"871" 1562.702983746 1.000049805 6.6297e-05
"872" 1562.72381671 0.999938323 6.6297e-05
"873" 1562.744649672 1.000039775 6.6294e-05
"874" 1562.765482634 0.999870837 6.6299e-05
"875" 1562.786315595 1.000056172 6.6287e-05
"876" 1562.807148556 0.999890831 6.6297e-05
"877" 1562.827981516 0.999782893 6.6296e-05
"878" 1562.848814474 0.999985408 6.629e-05
"879" 1562.869647432 0.999803437 6.6294e-05
"880" 1562.89048039 1.00001915 6.629e-05
"881" 1562.911313346 1.000053035 6.6289e-05
"882" 1562.932146302 1.000020579 6.6293e-05
"883" 1562.952979256 0.999853826 6.6292e-05
"884" 1562.97381221 0.999907446 6.6294e-05
"885" 1562.994645163 0.999955364 6.6292e-05
"886" 1563.015478116 0.999846578 6.6296e-05
"887" 1563.03642802833 NA NA
"888" 1563.057144018 0.999990685 6.6286e-05
"889" 1563.077976968 1.000070496 6.6278e-05
"890" 1563.098809917 1.0000163 6.6274e-05
"891" 1563.119642865 0.999869058 6.6279e-05
"892" 1563.140475812 0.999655623 6.6285e-05
"893" 1563.161308759 0.999491551 6.6293e-05
"894" 1563.182141705 0.999534636 6.63e-05
"895" 1563.20297465 0.999556604 6.6291e-05
"896" 1563.223807594 0.999787407 6.6288e-05
"897" 1563.244640537 1.00009163 6.6277e-05
"898" 1563.26547348 1.000093254 6.6282e-05
"899" 1563.286306422 0.999956304 6.6279e-05
"900" 1563.307139362 1.000035924 6.6279e-05
"901" 1563.327972303 0.999855782 6.6284e-05
"902" 1563.348805242 1.000036545 6.6282e-05
"903" 1563.36963818 0.999804373 6.6283e-05
"904" 1563.390471118 0.999885348 6.6279e-05
"905" 1563.411304054 0.999912989 6.6276e-05
"906" 1563.43213699 0.999925505 6.6287e-05
"907" 1563.452969925 0.999976944 6.6277e-05
"908" 1563.473802859 0.999906665 6.6284e-05
"909" 1563.494635793 1.000099935 6.6284e-05
"910" 1563.515468726 0.999887421 6.6288e-05
"911" 1563.536301657 1.000068973 6.6277e-05
"912" 1563.557134588 0.999970041 6.6285e-05
"913" 1563.577967518 1.000028384 6.6277e-05
"914" 1563.598800447 0.999856136 6.6294e-05
"915" 1563.619633375 1.000035548 6.628e-05
"916" 1563.640466303 1.000088701 6.6279e-05
"917" 1563.66129923 0.999837544 6.628e-05
"918" 1563.682132155 0.999998038 6.6279e-05
"919" 1563.702965081 0.999834609 6.6282e-05
"920" 1563.723798004 0.999988115 6.6286e-05
"921" 1563.744630928 1.000000482 6.628e-05
"922" 1563.76546385 0.999845328 6.6284e-05
"923" 1563.786296772 0.999837575 6.6284e-05
"924" 1563.807129692 0.999944824 6.6284e-05
"925" 1563.827962612 0.999782996 6.6286e-05
"926" 1563.848795531 1.00008291 6.6282e-05
"927" 1563.869628449 0.999959723 6.628e-05
"928" 1563.890461367 0.999933908 6.6287e-05
"929" 1563.911294283 0.999966317 6.6279e-05
"930" 1563.932127199 1.000052346 6.6282e-05
"931" 1563.952960114 1.000044014 6.628e-05
"932" 1563.973793027 0.99987916 6.6288e-05
"933" 1563.99462594 0.99996355 6.6287e-05
"934" 1564.015458853 0.999977246 6.629e-05
"935" 1564.036291764 0.999918007 6.6286e-05
"936" 1564.057124674 0.999986837 6.6285e-05
"937" 1564.077957584 0.999810504 6.6285e-05
"938" 1564.098790492 0.999936113 6.6282e-05
"939" 1564.1196234 1.000051917 6.6273e-05
"940" 1564.140456307 0.999975943 6.6284e-05
"941" 1564.161289213 1.00011319 6.6273e-05
"942" 1564.182122118 1.000081753 6.6272e-05
"943" 1564.202955022 0.999903156 6.6272e-05
"944" 1564.223787926 1.000109764 6.6267e-05
"945" 1564.244620828 0.999893805 6.6275e-05
"946" 1564.26545373 0.999850674 6.6282e-05
"947" 1564.286286631 0.99989551 6.6277e-05
"948" 1564.307119531 0.999945131 6.6279e-05
"949" 1564.327952429 0.999790312 6.6279e-05
"950" 1564.348785328 0.999917127 6.6281e-05
"951" 1564.369618225 1.000014895 6.6274e-05
"952" 1564.390451121 0.999973066 6.6279e-05
"953" 1564.411284017 0.99996279 6.6277e-05
"954" 1564.432116911 0.999889789 6.6283e-05
"955" 1564.452949805 1.000003804 6.6275e-05
"956" 1564.473782697 1.000017924 6.6279e-05
"957" 1564.494615589 0.99993102 6.6271e-05
"958" 1564.51544848 0.999968596 6.6262e-05
"959" 1564.53628137 0.999973832 6.6241e-05
"960" 1564.557114259 0.999981215 6.6248e-05
"961" 1564.577947147 1.000073356 6.6248e-05
"962" 1564.598780035 0.999939027 6.6271e-05
"963" 1564.619612921 0.999937069 6.6274e-05
"964" 1564.640445806 0.9999562 6.6278e-05
"965" 1564.661278691 0.999864284 6.6273e-05
"966" 1564.682111574 0.999821609 6.6282e-05
"967" 1564.702944457 0.999884366 6.6275e-05
"968" 1564.723777339 1.000109042 6.6268e-05
"969" 1564.74461022 0.999909616 6.6264e-05
"970" 1564.7654431 1.000087361 6.6266e-05
"971" 1564.786275979 1.000045642 6.6262e-05
"972" 1564.807108857 1.000028501 6.627e-05
"973" 1564.827941734 0.999993381 6.6269e-05
"974" 1564.84877461 1.000018377 6.6271e-05
"975" 1564.869607486 0.999974797 6.6272e-05
"976" 1564.89044036 1.000062586 6.6271e-05
"977" 1564.911273233 1.000026561 6.627e-05
"978" 1564.932106106 0.999678903 6.6283e-05
"979" 1564.952938977 0.999962338 6.627e-05
"980" 1564.973771848 0.999922394 6.6273e-05
"981" 1564.994604718 0.99980762 6.6273e-05
"982" 1565.015437586 0.999988064 6.6269e-05
"983" 1565.036270454 0.999831521 6.6272e-05
"984" 1565.057103321 0.999785789 6.6275e-05
"985" 1565.077936187 0.999995383 6.6267e-05
"986" 1565.098769051 1.000077876 6.6268e-05
"987" 1565.119601916 0.99986683 6.6275e-05
"988" 1565.140434778 1.000007803 6.6268e-05
"989" 1565.16126764 0.999965171 6.6269e-05
"990" 1565.182100501 0.999901586 6.6272e-05
"991" 1565.202933361 1.000049215 6.6265e-05
"992" 1565.22376622 0.999943947 6.627e-05
"993" 1565.244599078 0.99984629 6.6271e-05
"994" 1565.265431935 0.999885265 6.6263e-05
"995" 1565.286264792 0.999799705 6.6259e-05
"996" 1565.307097647 1.000027847 6.6245e-05
"997" 1565.327930501 1.000066324 6.6244e-05
"998" 1565.348763354 1.000017325 6.6247e-05
"999" 1565.369596206 1.000074757 6.6251e-05
"1000" 1565.390429057 0.999955757 6.6252e-05
"1001" 1565.411261907 0.999957804 6.6259e-05
"1002" 1565.432094757 0.999864037 6.6262e-05
"1003" 1565.452927605 1.000078379 6.6258e-05
"1004" 1565.473760452 0.999930467 6.6263e-05
"1005" 1565.494593298 0.999882313 6.627e-05
"1006" 1565.515426143 1.000005006 6.626e-05
"1007" 1565.536258987 0.999922315 6.6267e-05
"1008" 1565.557091826 0.999957449 6.6262e-05
"1009" 1565.577924668 1.000049294 6.6265e-05
"1010" 1565.598757509 0.999965941 6.6263e-05
"1011" 1565.619590349 1.000015519 6.6268e-05
"1012" 1565.640423188 0.999954737 6.6262e-05
"1013" 1565.661256026 0.999975813 6.6266e-05
"1014" 1565.682088863 0.999920741 6.6259e-05
"1015" 1565.702921699 0.999893778 6.6264e-05
"1016" 1565.723754534 0.999921708 6.6259e-05
"1017" 1565.744587368 1.000120351 6.6257e-05
"1018" 1565.7654202 1.000023463 6.6254e-05
"1019" 1565.786253032 0.999919673 6.6269e-05
"1020" 1565.807085862 1.000050535 6.6254e-05
"1021" 1565.827918692 0.999991994 6.6259e-05
"1022" 1565.84875152 0.999873343 6.6255e-05
"1023" 1565.869584348 1.000048251 6.6251e-05
"1024" 1565.890417174 0.999987933 6.6252e-05
"1025" 1565.911249999 0.999941886 6.6263e-05
"1026" 1565.932082823 0.999924187 6.6258e-05
"1027" 1565.952915646 0.999960664 6.6264e-05
"1028" 1565.973748468 0.999932712 6.6257e-05
"1029" 1565.994581289 0.999836513 6.6261e-05
"1030" 1566.015414109 1.000001972 6.6251e-05
"1031" 1566.036246927 0.999760601 6.6261e-05
"1032" 1566.057079744 1.000025899 6.6248e-05
"1033" 1566.077912561 1.000190711 6.625e-05
"1034" 1566.098745376 1.000023405 6.6256e-05
"1035" 1566.11957819 0.999759114 6.6271e-05
"1036" 1566.140411003 0.999931436 6.6265e-05
"1037" 1566.16142802833 NA NA
"1038" 1566.182076626 1.000031355 6.6251e-05
"1039" 1566.202909435 1.000054057 6.6255e-05
"1040" 1566.223742244 1.000028171 6.6246e-05
"1041" 1566.244575051 1.000028883 6.6251e-05
"1042" 1566.265407857 1.0000216 6.6245e-05
"1043" 1566.286240662 1.000101568 6.6247e-05
"1044" 1566.307073466 0.999897679 6.625e-05
"1045" 1566.327906268 0.999962701 6.6251e-05
"1046" 1566.34873907 1.000005964 6.6241e-05
"1047" 1566.36957187 0.999917725 6.6241e-05
"1048" 1566.390404669 0.999853078 6.6232e-05
"1049" 1566.411237466 0.999897572 6.6234e-05
"1050" 1566.432070263 0.999908309 6.6235e-05
"1051" 1566.452903058 1.000031752 6.6234e-05
"1052" 1566.473735853 0.999955412 6.6239e-05
"1053" 1566.494568646 1.00000029 6.6238e-05
"1054" 1566.515401437 0.99996018 6.6243e-05
"1055" 1566.536234228 0.999998861 6.624e-05
"1056" 1566.557067017 1.000017061 6.6243e-05
"1057" 1566.577899805 0.999906979 6.6249e-05
"1058" 1566.598732592 0.999965027 6.6239e-05
"1059" 1566.619565377 1.000173968 6.6236e-05
"1060" 1566.640398161 1.000068643 6.6242e-05
"1061" 1566.661230944 0.999937542 6.6239e-05
"1062" 1566.682063725 0.999790409 6.6245e-05
"1063" 1566.702896506 0.99994803 6.6238e-05
"1064" 1566.723729284 0.999865097 6.6239e-05
"1065" 1566.744562062 0.999891191 6.6247e-05
"1066" 1566.765394839 1.000061579 6.6235e-05
"1067" 1566.786227613 0.999912829 6.6238e-05
"1068" 1566.807060387 0.999973867 6.6237e-05
"1069" 1566.827893159 0.999930973 6.6235e-05
"1070" 1566.84872593 1.000007646 6.6237e-05
"1071" 1566.8695587 0.999879798 6.6235e-05
"1072" 1566.890391468 1.000066244 6.6234e-05
"1073" 1566.911224235 0.999914982 6.6233e-05
"1074" 1566.932057 1.000003833 6.6233e-05
"1075" 1566.952889764 1.000019676 6.6224e-05
"1076" 1566.973722527 1.000010775 6.623e-05
"1077" 1566.994555288 1.000056192 6.6224e-05
"1078" 1567.015388048 0.999933424 6.6236e-05
"1079" 1567.036220806 0.999857057 6.6238e-05
"1080" 1567.057053563 1.000077347 6.6229e-05
"1081" 1567.077886319 0.999931659 6.6236e-05
"1082" 1567.098719072 1.000030898 6.6234e-05
"1083" 1567.119551825 0.999734125 6.6235e-05
"1084" 1567.140384575 0.999622398 6.6245e-05
"1085" 1567.161217325 0.999583091 6.6242e-05
"1086" 1567.182050073 0.999566422 6.6249e-05
"1087" 1567.202882819 0.999748885 6.6241e-05
"1088" 1567.223715564 1.000175889 6.623e-05
"1089" 1567.244548308 0.999942114 6.6234e-05
"1090" 1567.265381049 0.999981773 6.6232e-05
"1091" 1567.286213789 1.0000484 6.6234e-05
"1092" 1567.307046528 0.999947572 6.623e-05
"1093" 1567.327879265 1.000056242 6.6223e-05
"1094" 1567.348712 0.999946746 6.6233e-05
"1095" 1567.369544733 1.000067397 6.6228e-05
"1096" 1567.390377465 0.999909179 6.6229e-05
"1097" 1567.411210196 0.999953449 6.623e-05
"1098" 1567.432042925 0.999859815 6.6229e-05
"1099" 1567.452875652 1.000048624 6.6222e-05
"1100" 1567.473708377 1.00000386 6.6218e-05
"1101" 1567.4945411 1.000028503 6.6213e-05
"1102" 1567.515373822 0.999897938 6.6212e-05
"1103" 1567.536206542 1.000059123 6.6217e-05
"1104" 1567.55703926 0.999993037 6.6218e-05
"1105" 1567.577871977 0.999981494 6.6223e-05
"1106" 1567.598704691 0.999906177 6.6219e-05
"1107" 1567.619537404 0.999868904 6.6224e-05
"1108" 1567.640370115 1.000031881 6.6212e-05
"1109" 1567.661202824 0.999917626 6.6219e-05
"1110" 1567.682035532 0.999956809 6.6211e-05
"1111" 1567.702868237 1.000041078 6.6215e-05
"1112" 1567.72370094 0.999881233 6.6211e-05
"1113" 1567.744533642 0.999920043 6.622e-05
"1114" 1567.765366341 0.999816441 6.6215e-05
"1115" 1567.786199039 1.000016416 6.6217e-05
"1116" 1567.807031735 1.000007939 6.6208e-05
"1117" 1567.827864428 0.999782121 6.6226e-05
"1118" 1567.848697119 1.000030982 6.6208e-05
"1119" 1567.869529809 0.999935102 6.6218e-05
"1120" 1567.890362496 0.999985674 6.6215e-05
"1121" 1567.911195181 0.999992097 6.6219e-05
"1122" 1567.932027864 0.999996936 6.6214e-05
"1123" 1567.952860545 0.99993738 6.6223e-05
"1124" 1567.973693224 1.00013568 6.6203e-05
"1125" 1567.994525901 0.999821545 6.6215e-05
"1126" 1568.015358575 1.000065551 6.6199e-05
"1127" 1568.036191248 0.999908998 6.6204e-05
"1128" 1568.057023918 0.9999583 6.6198e-05
"1129" 1568.077856585 0.999725123 6.6213e-05
"1130" 1568.098689251 0.999768809 6.6209e-05
"1131" 1568.119521914 1.000014653 6.6208e-05
"1132" 1568.140354575 1.000034671 6.62e-05
"1133" 1568.161187233 0.999900995 6.6208e-05
"1134" 1568.182019889 0.999810908 6.6209e-05
"1135" 1568.202852543 0.999982286 6.6204e-05
"1136" 1568.223685194 0.999929082 6.6201e-05
"1137" 1568.244517843 0.999923484 6.6206e-05
"1138" 1568.265350489 0.999927875 6.6196e-05
"1139" 1568.286183133 1.000034488 6.6198e-05
"1140" 1568.307015775 1.000118824 6.6193e-05
"1141" 1568.327848414 0.999871547 6.6202e-05
"1142" 1568.348681051 1.000071553 6.6188e-05
"1143" 1568.369513685 0.999922025 6.6197e-05
"1144" 1568.390346317 1.000063904 6.6183e-05
"1145" 1568.411178947 0.999996002 6.6189e-05
"1146" 1568.432011573 0.999824712 6.619e-05
